,0
0,1543.4597
1,1570.8373
2,1606.9402
3,1620.8516
4,1610.4581
5,1611.8246
6,1711.956
7,1613.8141
8,1558.6118
9,1545.2441
10,1490.29
11,1367.059
12,1387.7114
13,1403.8192
14,1446.472
15,1416.7574
16,1440.1033
17,1527.8615
18,1530.247
19,1459.1631
20,1434.6144
21,1497.7799
22,1524.6744
23,1493.8994
24,1670.1866
25,1551.6517
26,1473.9034
27,1426.8342
28,1380.6968
29,1259.4016
30,1264.8025
31,1267.2812
32,1221.0365
33,1164.7317
34,1152.6901
35,1152.6901
36,1228.8888
37,1191.7019
38,1270.4321
39,1425.1659
40,1464.9062
41,1449.9038
42,1418.1705
43,1601.8419
44,1858.0728
45,1777.1119
46,1724.1904
47,1944.9985
48,2134.7634
49,2017.1699
50,1791.9464
51,1676.4076
52,1567.9846
53,1596.4103
54,1628.916
55,1549.4061
56,1593.7644
57,1494.9783
58,1549.6692
59,1519.4714
60,1481.3942
61,1374.6676
62,1345.6727
63,1345.4141
64,1305.568
65,1265.0515
66,1287.0265
67,1260.2947
68,1303.3577
69,1376.2673
70,1300.8015
71,1297.0293
72,1298.8877
73,1267.8259
74,1152.6901
75,1184.272
76,1229.0657
77,1261.3911
78,1355.1151
79,1534.3456
80,1401.6177
81,1422.1786
82,1311.1079
83,1330.9016
84,1342.4487
85,1362.1764
86,1375.8696
87,1372.3508
88,1366.2644
89,1385.1052
90,1382.1575
91,1402.7334
92,1402.0532
93,1445.9547
94,1396.794
95,1446.8601
96,1380.7831
97,1382.9907
98,1352.7595
99,1257.8705
100,1220.1381
101,1236.0566
102,1376.9536
103,1324.0172
104,1351.8989
105,1374.2065
106,1474.3328
107,1443.6731
108,1476.9347
109,1544.498
110,1525.9679
111,1570.4343
112,1414.8146
113,1449.4022
114,1438.442
115,1325.85
116,1376.6
117,1311.1361
118,1298.4214
119,1285.6467
120,1303.9684
121,1304.8579
122,1293.4674
123,1315.8137
124,1356.4851
125,1356.8688
126,1365.7832
127,1324.0233
128,1325.5737
129,1349.2188
130,1394.881
131,1370.613
132,1437.9246
133,1442.4474
134,1511.0006
135,1454.8031
136,1409.755
137,1381.9146
138,1353.2576
139,1358.317
140,1321.5719
141,1321.5719
142,1282.0417
143,1316.2185
144,1253.6338
145,1261.8566
146,1274.1085
147,1251.9567
148,1240.6691
149,1210.4177
150,1236.2141
151,1248.0709
152,1254.0175
153,1244.7053
154,1202.9789
155,1201.0994
156,1224.1566
157,1244.5416
158,1354.5704
159,1332.7767
160,1326.591
161,1335.5529
162,1359.2146
163,1328.2944
164,1501.6946
165,1506.0115
166,1692.6279
167,1543.516
168,1485.8201
169,1504.7233
170,1454.3174
171,1424.5016
172,1444.8038
173,1430.7393
174,1477.424
175,1426.6072
176,1380.292
177,1296.0878
178,1325.1998
179,1326.591
180,1326.591
181,1326.591
182,1319.9608
183,1319.3721
184,1248.6411
185,1247.1277
186,1310.9689
187,1336.3949
188,1290.064
189,1340.6783
190,1330.4343
191,1370.8541
192,1340.6836
193,1343.2715
194,1322.9973
195,1326.591
196,1337.8679
197,1400.076
198,1357.0024
199,1345.421
200,1375.6769
201,1322.2247
202,1313.2743
203,1299.8319
204,1326.591
205,1382.6564
206,1329.9064
207,1348.895
208,1354.4287
209,1353.8604
210,1341.3577
211,1325.5306
212,1312.3187
213,1314.7139
214,1259.4376
215,1236.4182
216,1273.4635
217,1294.7609
218,1294.5295
219,1287.8035
220,1273.5568
221,1297.3971
222,1284.2495
223,1284.2319
224,1267.3428
225,1277.5674
226,1283.704
227,1281.0712
228,1284.7651
229,1261.3146
230,1417.3655
231,1602.5319
232,1692.9464
233,1535.9171
234,1470.5139
235,1402.9498
236,1448.9156
237,1400.5934
238,1465.7474
239,1445.5024
240,1452.6658
241,1387.7783
242,1383.5548
243,1338.1732
244,1341.6251
245,1336.4626
246,1385.4695
247,1395.8665
248,1361.1099
249,1334.8031
250,1314.0636
251,1300.8367
252,1332.4441
253,1306.3142
254,1308.301
255,1413.2985
256,1455.1128
257,1431.9711
258,1476.5968
259,1446.3436
260,1493.2148
261,1385.8478
262,1431.5505
263,1437.1688
264,1550.7454
265,1438.3804
266,1409.7604
267,1440.0813
268,1508.3837
269,1498.0887
270,1422.4469
271,1465.9921
272,1451.3064
273,1508.4761
274,1449.6873
275,1455.0513
276,1412.43
277,1411.2148
278,1393.4027
279,1407.8527
280,1408.0128
281,1405.8527
282,1410.3463
283,1432.9602
284,1423.0206
285,1406.092
286,1393.4468
287,1400.3787
288,1389.5197
289,1368.5117
290,1367.1523
291,1407.1963
292,1372.8708
293,1461.34
294,1374.305
295,1378.717
296,1432.0758
297,1468.66
298,1463.751
299,1486.7141
300,1384.308
301,1357.1301
302,1403.8746
303,1421.6594
304,1528.275
305,1491.2905
306,1439.6343
307,1542.513
308,1501.237
309,1488.6094
310,1426.1681
311,1444.3876
312,1449.1998
313,1483.3687
314,1553.5673
315,1479.1406
316,1453.9268
317,1442.1033
318,1409.1294
319,1376.0156
320,1387.5646
321,1378.746
322,1407.696
323,1411.6707
324,1384.322
325,1397.7944
326,1401.1249
327,1489.7656
328,1454.3958
329,1425.0779
330,1420.6642
331,1420.6642
332,1455.266
333,1450.3156
334,1438.5493
335,1420.0668
336,1425.2618
337,1450.3015
338,1445.9125
339,1432.1084
340,1470.2606
341,1489.9636
342,1465.1835
343,1449.595
344,1441.3844
345,1474.6382
346,1513.3147
347,1589.7783
348,1513.9984
349,1513.3174
350,1551.3296
351,1630.0836
352,1610.3622
353,1579.5731
354,1546.1117
355,1516.7772
356,1499.4886
357,1498.7988
358,1546.3925
359,1526.8258
360,1579.7764
361,1536.6174
362,1535.4402
363,1547.9209
364,1559.1812
365,1567.9846
366,1650.1466
367,1655.2773
368,1559.094
369,1574.9219
370,1545.4448
371,1525.1152
372,1478.2185
373,1475.7908
374,1485.0792
375,1501.3663
376,1497.4701
377,1486.0225
378,1486.4281
379,1467.4615
380,1499.3496
381,1462.886
382,1467.3965
383,1428.6661
384,1452.3833
385,1418.1969
386,1430.6222
387,1414.0332
388,1406.7511
389,1385.1475
390,1304.4232
391,1332.7556
392,1321.2428
393,1327.1091
394,1345.1025
395,1325.2552
396,1349.0613
397,1371.4005
398,1355.1996
399,1337.12
400,1339.6576
401,1346.5367
402,1344.6785
403,1326.1466
404,1333.7068
405,1388.3389
406,1367.1848
407,1337.0813
408,1340.6589
409,1323.5403
410,1318.6417
411,1349.6051
412,1334.093
413,1328.495
414,1334.9087
415,1319.4697
416,1300.248
417,1295.7737
418,1259.8715
419,1244.8566
420,1258.4028
421,1259.4553
422,1272.3812
423,1286.0076
424,1276.0109
425,1286.8981
426,1152.6901
427,1152.6901
428,1152.6901
429,1152.6901
430,1152.6901
431,1152.6901
432,1152.6901
433,1152.6901
434,1152.6901
435,1152.6901
436,1152.6901
437,1188.2368
438,1195.988
439,1152.6901
440,1194.8203
441,1165.617
442,1179.582
443,1177.2916
444,1164.8892
445,1182.2375
446,1187.9183
447,1184.0247
448,1188.0714
449,1212.2065
450,1207.1241
451,1196.8107
452,1185.7678
453,1197.7487
454,1200.5618
455,1191.0314
456,1245.337
457,1245.6089
458,1233.7037
459,1246.253
460,1254.071
461,1254.7627
462,1254.7064
463,1357.8604
464,1334.4811
465,1348.9706
466,1317.0931
467,1360.4976
468,1384.293
469,1354.6971
470,1350.954
471,1340.4839
472,1351.5311
473,1397.0262
474,1400.6207
475,1318.735
476,1352.5607
477,1378.1829
478,1379.9911
479,1423.7211
480,1423.9393
481,1399.7786
482,1412.8242
483,1398.8159
484,1390.9584
485,1388.346
486,1395.1116
487,1439.3202
488,1398.369
489,1360.6797
490,1329.1796
491,1353.6816
492,1383.7968
493,1392.6654
494,1423.9833
495,1395.7152
496,1388.3002
497,1382.6907
498,1377.9832
499,1386.9045
500,1367.6055
501,1365.3168
502,1360.3497
503,1358.3839
504,1388.2456
505,1350.4875
506,1318.9119
507,1294.9835
508,1299.1649
509,1287.6283
510,1292.7292
511,1361.6581
512,1358.7579
513,1395.8973
514,1455.9188
515,1414.6473
516,1370.943
517,1510.7393
518,1431.8989
519,1421.0223
520,1528.4958
521,1546.0801
522,1513.3525
523,1543.0171
524,1603.0985
525,1672.6617
526,1881.0156
527,1505.7518
528,1938.3341
529,1766.0743
530,1954.7269
531,1869.37
532,2119.6262
533,2127.5042
534,2123.8455
535,1990.3009
536,1962.3962
537,1940.2603
538,1864.0615
539,2044.9119
540,1944.4222
541,2032.9944
542,2215.052
543,2268.842
544,2263.5088
545,2328.4368
546,2356.265
547,2209.5833
548,2239.9685
549,2113.135
550,2073.0022
551,2143.133
552,2145.8555
553,2042.6329
554,1915.0542
555,1912.9204
556,1945.5459
557,2151.714
558,2033.4783
559,1953.1897
560,1885.0333
561,1963.0773
562,1993.5619
563,1984.8499
564,2305.4727
565,2212.4563
566,2381.786
567,1794.4708
568,2417.191
569,2358.2166
570,2232.8826
571,2077.4211
572,2178.7651
573,2041.9149
574,2265.9453
575,2361.6614
576,2015.8413
577,2210.53
578,2111.401
579,2116.9697
580,2135.7595
581,2092.3057
582,2055.6511
583,2018.2716
584,2081.072
585,1997.9421
586,2027.7817
587,1982.5647
588,1866.0457
589,1827.8838
590,1834.0186
591,1730.7476
592,1629.9799
593,1635.1608
594,1558.7657
595,1476.5828
596,1495.119
597,1483.5604
598,1450.884
599,1614.6078
600,1534.9457
601,1555.7468
602,1525.0721
603,1569.9513
604,1560.838
605,1528.8373
606,1518.456
607,1397.3219
608,1416.0553
609,1414.3253
610,1419.5221
611,1447.0422
612,1288.635
613,1352.0477
614,1445.0502
615,1425.8047
616,1428.4629
617,1516.3672
618,1519.7706
619,1434.5475
620,1471.1519
621,1461.6233
622,1439.9326
623,1430.8792
624,1406.1536
625,1347.3112
626,1364.8496
627,1348.0942
628,1268.8915
629,1292.3165
630,1265.5355
631,1268.6644
632,1325.7286
633,1381.5028
634,1381.3163
635,1322.1931
636,1321.0105
637,1336.0394
638,1258.4891
639,1273.548
640,1299.2863
641,1291.5044
642,1291.4762
643,1280.0259
644,1293.3407
645,1304.4119
646,1309.0876
647,1302.9608
648,1398.4763
649,1362.9929
650,1402.8478
651,1496.6906
652,1426.6318
653,1382.3536
654,1385.9631
655,1374.3984
656,1482.4175
657,1389.9702
658,1370.4282
659,1404.1166
660,1358.5397
661,1308.9883
662,1310.1418
663,1377.1068
664,1399.4196
665,1361.7047
666,1476.3628
667,1512.7102
668,1401.688
669,1382.3915
670,1449.6917
671,1368.246
672,1309.3912
673,1273.9528
674,1280.7211
675,1222.2806
676,1218.0219
677,1233.1362
678,1242.9015
679,1250.2672
680,1260.7408
681,1217.4138
682,1201.8253
683,1188.1875
684,1227.9869
685,1264.0079
686,1245.938
687,1250.43
688,1299.4729
689,1263.5302
690,1234.9409
691,1251.2113
692,1245.023
693,1232.6804
694,1258.8596
695,1249.8264
696,1260.2208
697,1258.394
698,1243.8914
699,1269.8083
700,1255.0408
701,1272.9268
702,1253.8494
703,1243.198
704,1223.9772
705,1208.5505
706,1207.0125
707,1205.0334
708,1217.1614
709,1209.3662
710,1222.102
711,1237.3905
712,1246.7089
713,1237.3967
714,1247.8844
715,1305.6428
716,1370.1792
717,1354.9708
718,1376.5454
719,1362.4562
720,1301.1597
721,1312.1569
722,1376.3905
723,1467.0656
724,1390.0327
725,1352.558
726,1348.6257
727,1349.7607
728,1360.8433
729,1364.7175
730,1358.6532
731,1372.6747
732,1308.902
733,1314.7517
734,1317.1512
735,1265.2328
736,1241.5209
737,1278.7253
738,1292.7793
739,1277.7416
740,1266.1576
741,1265.8074
742,1242.6155
743,1242.9393
744,1269.5936
745,1301.4896
746,1288.906
747,1261.9525
748,1249.0212
749,1243.7734
750,1233.4662
751,1210.7502
752,1206.0797
753,1162.8398
754,1152.6901
755,1152.6901
756,1152.6901
757,1152.6901
758,1152.6901
759,1161.8826
760,1152.6901
761,1152.6901
762,1152.6901
763,1152.6901
764,1211.8625
765,1173.3804
766,1158.45
767,1268.7585
768,1431.3939
769,1318.9727
770,1609.2367
771,1559.4653
772,1484.3911
773,1492.503
774,1481.1134
775,1507.1738
776,1510.221
777,1474.1964
778,1501.5459
779,1531.6759
780,1530.3649
781,1421.9894
782,1309.708
783,1218.5314
784,1237.5103
785,1296.475
786,1240.3999
787,1286.5953
788,1187.8585
789,1264.3441
790,1327.9988
791,1492.4238
792,1478.3302
793,1499.6162
794,1555.7573
795,1643.6326
796,1659.3689
797,1770.6252
798,1662.8007
799,1550.2421
800,1587.7775
801,1620.4539
802,1515.9095
803,1601.3254
804,1700.0315
805,1583.0399
806,1567.2244
807,1535.6945
808,1555.2822
809,1634.2343
810,1665.4957
811,1688.8936
812,1701.691
813,1668.3582
814,1618.4407
815,1575.4005
816,1528.4501
817,1444.2362
818,1473.1871
819,1545.5266
820,1548.88
821,1591.1105
822,1584.1733
823,1759.7865
824,1776.2831
825,1755.92
826,1736.6078
827,1735.2087
828,1505.1896
829,1573.7798
830,1449.2297
831,1432.6232
832,1446.8099
833,1453.1136
834,1516.6232
835,1617.2739
836,1529.6494
837,1505.963
838,1496.6519
839,1493.3556
840,1524.8671
841,1481.6422
842,1476.2361
843,1540.5525
844,1570.261
845,1603.6097
846,1540.7495
847,1533.9135
848,1522.9471
849,1480.2775
850,1494.7354
851,1468.6398
852,1515.0878
853,1545.6841
854,1494.3676
855,1466.9037
856,1462.388
857,1461.7201
858,1457.0962
859,1446.2416
860,1449.0767
861,1459.1842
862,1497.4921
863,1477.4116
864,1482.281
865,1518.6409
866,1462.5878
867,1467.4272
868,1491.7102
869,1482.4156
870,1514.5316
871,1464.9679
872,1439.7461
873,1436.8019
874,1401.1531
875,1395.731
876,1398.0479
877,1399.0887
878,1426.9064
879,1420.3906
880,1419.4025
881,1436.2211
882,1465.2178
883,1480.2528
884,1490.883
885,1451.1638
886,1485.6829
887,1494.2452
888,1456.746
889,1463.2644
890,1544.4136
891,1612.4274
892,1864.1143
893,1875.8232
894,1809.8025
895,1707.238
896,1702.3439
897,1718.2395
898,1719.4459
899,1834.9452
900,1795.9333
901,1824.7725
902,1933.9371
903,1825.5028
904,1929.0115
905,1697.7806
906,2120.6865
907,2001.0905
908,2206.7244
909,2135.3906
910,2149.4219
911,2043.7152
912,2017.8862
913,2056.4036
914,1940.9325
915,1874.2157
916,2057.9417
917,1940.8357
918,1854.2522
919,1906.1874
920,1946.5498
921,1910.8096
922,1913.4528
923,1973.8905
924,1996.3644
925,1993.9939
926,1915.173
927,1898.9175
928,1853.696
929,1869.1843
930,1942.1785
931,1943.1771
932,1940.357
933,1929.8949
934,1953.026
935,1977.9312
936,1988.908
937,2091.103
938,2046.8221
939,2108.5376
940,1989.5195
941,2012.5153
942,2374.7747
943,2246.053
944,2469.933
945,2557.1262
946,2420.6174
947,2337.7568
948,2236.0132
949,2281.818
950,2285.6016
951,2467.8706
952,2284.061
953,2319.7344
954,2242.5835
955,2121.759
956,2098.0103
957,2076.2166
958,2084.1763
959,2080.2449
960,2139.1304
961,2077.218
962,2192.9644
963,2218.327
964,2165.5322
965,2186.5833
966,2150.9802
967,2119.297
968,2120.434
969,2129.7346
970,2117.2488
971,2217.222
972,2205.644
973,2226.475
974,2317.971
975,2358.7937
976,2362.7947
977,2347.735
978,2391.67
979,2352.8728
980,2341.5889
981,2325.6887
982,2459.0986
983,2434.0923
984,2377.447
985,2384.459
986,2463.976
987,2405.3667
988,2390.3765
989,2299.463
990,2318.1135
991,2647.0051
992,2478.6663
993,2456.9446
994,2393.61
995,2422.1335
996,2555.5432
997,2484.6575
998,2475.2495
999,2423.7612
1000,2343.471
1001,2406.2615
1002,2338.7397
1003,2234.1655
1004,2189.0803
1005,2207.592
1006,2280.1243
1007,2250.683
1008,2224.8506
1009,2206.7966
1010,2170.4905
1011,2215.3757
1012,2341.9849
1013,2304.5603
1014,2315.0674
1015,2309.339
1016,2335.5508
1017,2351.3489
1018,2341.1912
1019,2334.2678
1020,2415.8481
1021,2452.8591
1022,3025.125
1023,2857.491
1024,3237.97
1025,3141.7383
1026,3474.4978
1027,3373.9614
1028,3269.9072
1029,3394.2285
1030,3098.2063
1031,3525.9824
1032,3202.1206
1033,3319.808
1034,3115.4993
1035,3452.0063
1036,3353.009
1037,3320.1477
1038,3172.477
1039,2922.3132
1040,2972.8862
1041,2868.4133
1042,2845.255
1043,3057.9265
1044,3394.37
1045,3516.3772
1046,3416.6267
1047,3797.8667
1048,3627.9678
1049,3396.8884
1050,3438.4768
1051,3564.8984
1052,3314.5637
1053,3275.9707
1054,3237.773
1055,3371.3877
1056,3353.521
1057,3267.8254
1058,3400.269
1059,3331.8918
1060,3286.2095
1061,3446.1345
1062,3091.1238
1063,3049.7432
1064,3005.912
1065,3207.151
1066,2967.9263
1067,2970.2466
1068,2564.4517
1069,2506.8103
1070,2606.061
1071,2669.6453
1072,2629.808
1073,2804.691
1074,2536.4915
1075,2634.9783
1076,2557.1816
1077,2706.518
1078,2695.3545
1079,2663.7876
1080,2667.4922
1081,2583.082
1082,2478.0925
1083,2560.2754
1084,2691.3167
1085,2529.8728
1086,2521.2734
1087,2577.1707
1088,2546.0464
1089,2491.3193
1090,2541.1848
1091,2526.9126
1092,2496.0989
1093,2520.44
1094,2650.6973
1095,2626.37
1096,2666.8752
1097,2497.441
1098,2251.608
1099,2301.998
1100,2467.9707
1101,2430.5762
1102,2396.8562
1103,2439.5847
1104,2672.1548
1105,2614.3682
1106,2570.6365
1107,2648.5344
1108,2737.7048
1109,2747.8484
1110,2710.5137
1111,2672.0579
1112,2563.137
1113,2557.8682
1114,2470.241
1115,2429.111
1116,2525.121
1117,2607.7231
1118,2604.6038
1119,2566.9946
1120,2595.333
1121,2528.1904
1122,2496.4465
1123,2531.3738
1124,2474.4812
1125,2460.6472
1126,2424.1143
1127,2389.2942
1128,2393.6287
1129,2411.3008
1130,2446.6267
1131,2421.367
1132,2407.5657
1133,2448.0847
1134,2606.5457
1135,2617.3572
1136,2688.1577
1137,2627.8193
1138,2629.6858
1139,2616.6523
1140,2662.7563
1141,2632.7188
1142,2724.081
1143,2652.2354
1144,2656.5046
1145,2752.9185
1146,2722.5737
1147,2642.1365
1148,2718.27
1149,2799.9524
1150,2985.045
1151,2904.0974
1152,3080.5112
1153,3111.0698
1154,3072.7988
1155,3080.9785
1156,2999.069
1157,3008.3257
1158,3061.974
1159,2967.651
1160,3001.6455
1161,3425.146
1162,3499.292
1163,3334.404
1164,3219.3264
1165,3077.8503
1166,3106.978
1167,3010.2034
1168,3026.8127
1169,3238.6184
1170,3320.0386
1171,3347.0115
1172,3206.6116
1173,3271.7278
1174,3211.8232
1175,3215.1133
1176,3156.2427
1177,3177.665
1178,3121.6743
1179,3100.3313
1180,3003.8435
1181,2924.47
1182,3093.9634
1183,3035.4182
1184,2959.3972
1185,2965.9402
1186,3137.4285
1187,3046.4656
1188,3300.0066
1189,3442.0544
1190,3282.0186
1191,3363.8337
1192,3190.02
1193,3367.319
1194,3247.5989
1195,3211.526
1196,3311.5493
1197,3279.4253
1198,3747.9236
1199,3501.4822
1200,3300.7368
1201,3340.9595
1202,3253.607
1203,3540.2334
1204,3513.2537
1205,3548.283
1206,3751.8225
1207,3676.9158
1208,3513.3987
1209,3495.8347
1210,3515.3179
1211,3582.0144
1212,3676.245
1213,3563.6973
1214,3487.9578
1215,3481.904
1216,3466.5293
1217,3440.7417
1218,3333.5312
1219,3348.693
1220,3286.329
1221,3302.8064
1222,3323.3242
1223,3277.721
1224,3133.6553
1225,3097.0535
1226,3051.6262
1227,3086.902
1228,3044.543
1229,3047.4995
1230,3054.0996
1231,3138.5178
1232,3211.32
1233,3237.1384
1234,3236.424
1235,3330.0195
1236,3435.3452
1237,3477.7385
1238,3427.6592
1239,3398.0183
1240,3380.7456
1241,3303.8694
1242,3293.3525
1243,3303.395
1244,3360.564
1245,3497.3835
1246,3580.7139
1247,3513.4507
1248,3551.866
1249,3611.429
1250,3608.402
1251,3518.8164
1252,3506.3005
1253,3494.8555
1254,3482.3184
1255,3583.3555
1256,3604.8887
1257,3547.0679
1258,3581.044
1259,3633.023
1260,3638.5251
1261,3767.1145
1262,3694.0298
1263,3630.1492
1264,3677.1655
1265,3897.6226
1266,3748.7412
1267,3686.2375
1268,3652.25
1269,3580.1428
1270,3587.425
1271,3761.8782
1272,3738.7646
1273,3711.277
1274,3714.7676
1275,4127.1216
1276,3967.572
1277,3908.7666
1278,3925.1956
1279,4149.1177
1280,3855.6365
1281,3743.8936
1282,3661.8147
1283,3556.6316
1284,3670.6675
1285,3683.5564
1286,3520.1116
1287,3530.7666
1288,3499.0095
1289,3541.1777
1290,3439.003
1291,3439.1702
1292,3457.138
1293,3524.8525
1294,3633.4426
1295,3689.9138
1296,3722.2627
1297,3733.677
1298,3600.036
1299,3539.7249
1300,3516.6042
1301,3541.6555
1302,3488.6372
1303,3366.536
1304,3396.3843
1305,3405.3726
1306,3346.414
1307,3390.8496
1308,3338.6294
1309,3285.8777
1310,3194.1724
1311,3161.9128
1312,3000.3906
1313,3083.5354
1314,3213.0103
1315,3297.7117
1316,3261.6924
1317,3254.4324
1318,3278.9995
1319,3270.6826
1320,3254.6592
1321,3269.4067
1322,3273.3584
1323,3222.143
1324,3328.9292
1325,3342.429
1326,3348.1309
1327,3356.6157
1328,3358.1511
1329,3301.6194
1330,3292.3882
1331,3343.2446
1332,3373.9597
1333,3397.8054
1334,3414.0344
1335,3373.5164
1336,3402.534
1337,3321.898
1338,3324.4954
1339,3337.4062
1340,3331.5566
1341,3291.781
1342,3278.762
1343,3288.053
1344,3301.7126
1345,3307.1602
1346,3267.624
1347,3280.1575
1348,3271.543
1349,3273.2588
1350,3216.8071
1351,3194.152
1352,3195.494
1353,3182.6208
1354,3175.161
1355,3127.2654
1356,3131.9993
1357,3101.8235
1358,3241.4675
1359,3178.0374
1360,3074.4177
1361,3124.176
1362,3137.8438
1363,3093.6677
1364,3113.5378
1365,3075.0215
1366,3061.4346
1367,3062.8513
1368,3085.151
1369,3059.981
1370,3378.016
1371,3182.1387
1372,3319.2617
1373,3306.1377
1374,3299.3298
1375,3432.7107
1376,3299.5647
1377,3266.701
1378,3316.5593
1379,3372.6301
1380,3323.3452
1381,3274.1704
1382,3326.5217
1383,3279.8706
1384,3250.6328
1385,3263.9424
1386,3247.3174
1387,3247.7908
1388,3263.7998
1389,3243.1343
1390,3250.265
1391,3337.5366
1392,3250.3267
1393,3213.534
1394,3246.564
1395,3198.7188
1396,3207.1624
1397,3201.6128
1398,3182.8145
1399,3148.0173
1400,3124.2869
1401,3120.9644
1402,3143.4102
1403,3149.442
1404,3145.6038
1405,3141.2366
1406,3047.3728
1407,3058.3198
1408,2965.1396
1409,2980.3066
1410,3008.6162
1411,3035.546
1412,3000.8552
1413,3006.543
1414,2979.7373
1415,3021.989
1416,2976.0742
1417,2984.357
1418,3036.2761
1419,3024.231
1420,2987.4014
1421,3065.17
1422,3061.3308
1423,3071.6064
1424,3053.606
1425,3066.4167
1426,3098.3303
1427,3109.06
1428,3054.756
1429,2994.5542
1430,2977.5833
1431,2941.1892
1432,3098.7405
1433,3129.2434
1434,3080.5217
1435,3041.86
1436,3043.6138
1437,3021.9724
1438,3047.3306
1439,3050.9832
1440,3011.8147
1441,3025.9038
1442,3011.517
1443,3008.3926
1444,3026.43
1445,3011.2065
1446,3004.402
1447,3033.3118
1448,3017.5647
1449,3575.9404
1450,4315.5444
1451,4248.305
1452,4278.9297
1453,3993.6086
1454,4050.5735
1455,4055.9937
1456,4315.809
1457,4810.7227
1458,5609.168
1459,4796.5034
1460,4593.821
1461,4555.856
1462,4602.083
1463,4512.601
1464,4814.608
1465,4411.9478
1466,4637.698
1467,4477.9517
1468,4519.8726
1469,4436.8984
1470,4397.8447
1471,4368.026
1472,4183.2134
1473,4273.9634
1474,4367.159
1475,4328.6113
1476,4155.5674
1477,4198.2812
1478,4184.6045
1479,4030.7974
1480,3954.8574
1481,4515.553
1482,4425.8154
1483,4384.353
1484,4265.13
1485,4154.186
1486,4217.521
1487,4200.1025
1488,4247.1665
1489,4198.9385
1490,4660.322
1491,4258.7354
1492,4180.0693
1493,4026.221
1494,3823.0427
1495,3735.4526
1496,3741.202
1497,3451.6465
1498,3444.3572
1499,3719.0889
1500,3706.1604
1501,3747.6833
1502,3841.8289
1503,3817.9304
1504,3728.8796
1505,3590.6262
1506,3538.4033
1507,3526.4294
1508,3482.5525
1509,3450.4683
1510,3483.5864
1511,3479.1577
1512,3464.3374
1513,3459.7285
1514,4161.273
1515,4564.4517
1516,4366.4033
1517,4324.355
1518,4391.6885
1519,4314.0317
1520,4071.0586
1521,4238.7026
1522,4270.785
1523,4136.0483
1524,4000.1658
1525,4028.1753
1526,3862.931
1527,3883.0132
1528,3858.2869
1529,3824.8694
1530,3887.4172
1531,3888.8655
1532,3981.13
1533,3999.6907
1534,3875.4734
1535,3867.8418
1536,3804.921
1537,3625.0537
1538,3710.7024
1539,3636.4617
1540,3662.0083
1541,3837.4927
1542,3879.6758
1543,3911.4846
1544,3988.961
1545,4019.5327
1546,4289.2124
1547,4106.895
1548,4112.3584
1549,4126.457
1550,4139.953
1551,4082.9517
1552,4166.2954
1553,4178.387
1554,4181.606
1555,4179.9253
1556,4183.334
1557,4233.4434
1558,4242.921
1559,4278.741
1560,4279.179
1561,4331.7964
1562,4271.519
1563,4285.5586
1564,4270.28
1565,4439.6025
1566,4269.7812
1567,4290.402
1568,4427.5796
1569,4383.8506
1570,4439.4873
1571,4514.817
1572,4628.5625
1573,4397.6494
1574,4320.4
1575,4383.955
1576,4077.484
1577,4107.4106
1578,4107.43
1579,4240.8804
1580,4078.8274
1581,3884.6138
1582,3991.109
1583,4024.1997
1584,3984.3328
1585,4024.2615
1586,3987.3262
1587,3963.2148
1588,3989.6191
1589,3780.7366
1590,3751.9458
1591,3826.0361
1592,4002.12
1593,3945.7925
1594,3994.8723
1595,3925.968
1596,4038.2397
1597,4066.0422
1598,4276.24
1599,4362.118
1600,4504.1216
1601,4376.283
1602,4283.6724
1603,4451.226
1604,4298.453
1605,4410.099
1606,4352.635
1607,4342.6636
1608,4240.6797
1609,4364.6333
1610,4362.646
1611,4355.9097
1612,4297.772
1613,4340.068
1614,4456.6475
1615,4456.4775
1616,4373.714
1617,4249.1797
1618,3961.345
1619,3977.2537
1620,3953.563
1621,3908.7227
1622,3983.305
1623,3996.838
1624,4103.561
1625,4121.295
1626,4111.2134
1627,4104.6714
1628,4111.325
1629,4193.722
1630,4262.2183
1631,4284.2485
1632,4250.6304
1633,4165.785
1634,4234.1567
1635,4172.8354
1636,4128.101
1637,4210.5806
1638,4233.914
1639,4230.31
1640,4239.459
1641,4296.4136
1642,4262.9336
1643,4236.9473
1644,4275.2065
1645,4273.1714
1646,4285.691
1647,4266.6997
1648,4273.0747
1649,4148.237
1650,4146.3335
1651,4129.719
1652,4080.0918
1653,4107.9766
1654,4106.926
1655,4110.2573
1656,4151.773
1657,4143.919
1658,4148.1885
1659,4126.4556
1660,4230.506
1661,4211.306
1662,4136.407
1663,4210.765
1664,4150.858
1665,4168.243
1666,4376.3975
1667,4301.1216
1668,4273.9985
1669,4190.128
1670,4167.022
1671,4131.75
1672,3884.0173
1673,4257.125
1674,4098.804
1675,4292.744
1676,4216.7036
1677,4264.202
1678,4214.256
1679,4239.733
1680,4404.993
1681,4423.985
1682,5248.117
1683,5249.819
1684,5210.548
1685,4774.8145
1686,4694.3296
1687,5037.6333
1688,5035.4917
1689,4951.9067
1690,4738.6045
1691,4815.644
1692,4795.256
1693,4765.0684
1694,4702.0947
1695,4677.1035
1696,4682.9575
1697,4586.393
1698,4637.3022
1699,4497.831
1700,4618.1694
1701,4646.4526
1702,4690.7837
1703,4623.208
1704,4715.37
1705,4629.626
1706,4665.7676
1707,4665.157
1708,4659.1763
1709,4664.3765
1710,4754.78
1711,4817.567
1712,4861.6846
1713,4920.6963
1714,4926.39
1715,4898.5146
1716,4922.6743
1717,4942.0034
1718,5045.0684
1719,5100.2812
1720,5085.3613
1721,5311.1357
1722,5325.1724
1723,5357.585
1724,5386.293
1725,5247.5303
1726,5259.5
1727,5344.0234
1728,5412.9956
1729,5267.2695
1730,5130.671
1731,5235.3022
1732,5079.473
1733,4969.3237
1734,5091.519
1735,5106.432
1736,5129.533
1737,5195.0464
1738,5301.001
1739,5312.5728
1740,5310.5835
1741,5131.7974
1742,5179.264
1743,4997.8613
1744,5082.7217
1745,5210.6973
1746,5336.019
1747,5377.577
1748,5424.949
1749,5375.7656
1750,5324.8413
1751,5570.5967
1752,5597.1934
1753,5667.3594
1754,5470.4414
1755,5370.8936
1756,5467.193
1757,5434.101
1758,5312.564
1759,5229.1973
1760,5330.863
1761,5341.8
1762,5412.1543
1763,5408.4307
1764,5307.016
1765,5197.84
1766,5184.9517
1767,5288.512
1768,5153.0454
1769,5135.136
1770,5080.719
1771,5045.9697
1772,5115.6567
1773,5122.6963
1774,5099.7095
1775,5125.482
1776,5080.2617
1777,5039.085
1778,5110.9707
1779,5078.352
1780,5102.731
1781,5049.3633
1782,5134.0884
1783,5280.8105
1784,5213.0693
1785,5083.98
1786,5067.126
1787,5033.9673
1788,5009.3564
1789,5118.015
1790,5027.413
1791,5112.873
1792,5460.5635
1793,5342.279
1794,5199.0356
1795,5238.2007
1796,5360.273
1797,5241.766
1798,5166.729
1799,5173.3477
1800,5349.7827
1801,5340.6367
1802,5196.361
1803,5190.0264
1804,5128.442
1805,5119.869
1806,5128.241
1807,5097.207
1808,5133.045
1809,5115.145
1810,5064.8755
1811,5099.169
1812,5162.6963
1813,5319.1104
1814,5372.708
1815,5371.9756
1816,5227.433
1817,5236.08
1818,5328.5605
1819,5211.6616
1820,5287.575
1821,5267.8345
1822,5552.585
1823,5993.068
1824,5971.334
1825,5941.518
1826,5937.815
1827,5756.7305
1828,5716.3896
1829,6039.0444
1830,6189.1074
1831,6143.6826
1832,6138.3066
1833,6161.966
1834,6388.0205
1835,7251.126
1836,7465.501
1837,7410.7456
1838,7439.7617
1839,7379.0654
1840,7298.168
1841,7463.281
1842,7460.2925
1843,7510.8384
1844,7466.325
1845,7442.455
1846,7939.703
1847,7405.6235
1848,7498.855
1849,7549.12
1850,7730.1733
1851,7885.3613
1852,7956.7363
1853,7643.5884
1854,7726.5703
1855,7846.14
1856,7500.672
1857,7869.0786
1858,7748.9053
1859,7675.8486
1860,7736.344
1861,7889.732
1862,7889.0674
1863,7778.92
1864,7737.828
1865,7844.116
1866,7753.8545
1867,7744.054
1868,7761.9043
1869,7968.3027
1870,8085.327
1871,7887.9727
1872,8021.0757
1873,8230.64
1874,8392.042
1875,8625.867
1876,8745.454
1877,8719.185
1878,8933.469
1879,9040.483
1880,9361.734
1881,8803.351
1882,9577.25
1883,9390.789
1884,8334.92
1885,8475.103
1886,8758.62
1887,8513.778
1888,8495.982
1889,9071.576
1890,9172.376
1891,9347.56
1892,9562.772
1893,9495.545
1894,9682.916
1895,9532.991
1896,10194.564
1897,10600.993
1898,9732.517
1899,10024.939
1900,9728.38
1901,9030.655
1902,9162.182
1903,9052.444
1904,9065.108
1905,9099.778
1906,9117.228
1907,9029.844
1908,9177.526
1909,9111.843
1910,9082.687
1911,9398.492
1912,9361.583
1913,9568.928
1914,9773.883
1915,9402.894
1916,9595.864
1917,9415.104
1918,9320.1045
1919,9125.279
1920,9620.292
1921,9272.903
1922,9246.137
1923,9209.841
1924,9100.475
1925,9147.311
1926,9256.823
1927,8825.686
1928,9101.247
1929,8848.208
1930,9224.74
1931,9139.479
1932,8933.741
1933,9282.397
1934,9205.557
1935,9118.88
1936,9269.672
1937,10153.221
1938,9941.941
1939,9558.731
1940,9281.86
1941,9402.532
1942,9325.882
1943,9603.248
1944,10559.11
1945,10642.949
1946,10187.6045
1947,10142.646
1948,11514.693
1949,10186.054
1950,9627.833
1951,9233.439
1952,9493.673
1953,9245.211
1954,9318.473
1955,9280.414
1956,9365.508
1957,9328.357
1958,9428.692
1959,9808.796
1960,10037.012
1961,10041.522
1962,10234.912
1963,10431.987
1964,10365.272
1965,10255.685
1966,10442.323
1967,10153.538
1968,10255.46
1969,10771.698
1970,10578.002
1971,10573.763
1972,10454.869
1973,10171.502
1974,10299.051
1975,9808.45
1976,9958.371
1977,10031.557
1978,9919.364
1979,9766.677
1980,9928.075
1981,9886.272
1982,10211.001
1983,10108.757
1984,10212.339
1985,9803.755
1986,9710.095
1987,9803.606
1988,9672.204
1989,9625.767
1990,9746.149
1991,9680.216
1992,9843.427
1993,9737.274
1994,10091.406
1995,9722.009
1996,10205.759
1997,10156.377
1998,10575.445
1999,10541.52
2000,10021.965
2001,10083.053
2002,9833.824
2003,9949.492
2004,9725.904
2005,9717.861
2006,9705.394
2007,9254.298
2008,9367.776
2009,9117.363
2010,9207.945
2011,9365.473
2012,9423.166
2013,9341.659
2014,9386.633
2015,9170.735
2016,9373.49
2017,9434.849
2018,9318.995
2019,9180.002
2020,9040.702
2021,8853.055
2022,8958.021
2023,9089.311
2024,9202.526
2025,9076.454
2026,8864.94
2027,8794.438
2028,8589.146
2029,8582.332
2030,8587.84
2031,8523.499
2032,8477.323
2033,8215.663
2034,7925.267
2035,7997.184
2036,7889.4424
2037,7995.881
2038,7998.4365
2039,8119.193
2040,8008.5605
2041,8012.215
2042,8002.995
2043,8001.3706
2044,7917.807
2045,7834.1045
2046,8001.8335
2047,8070.9175
2048,8229.506
2049,8346.431
2050,8433.389
2051,8373.282
2052,8285.523
2053,8355.793
2054,8145.4365
2055,8156.8276
2056,8014.5767
2057,8181.813
2058,8121.628
2059,7917.6206
2060,7962.082
2061,7973.1
2062,8353.359
2063,8443.335
2064,8637.166
2065,8813.467
2066,8829.817
2067,8963.356
2068,9035.153
2069,9080.212
2070,9176.245
2071,8949.544
2072,8959.772
2073,8941.67
2074,9040.355
2075,9223.126
2076,9348.647
2077,8957.898
2078,8947.751
2079,8946.213
2080,8700.06
2081,8714.258
2082,8729.993
2083,8556.493
2084,8533.796
2085,8414.569
2086,8116.9536
2087,8163.6533
2088,8032.549
2089,8021.544
2090,7865.317
2091,7771.4536
2092,7535.784
2093,7591.172
2094,7138.4434
2095,7349.177
2096,7590.7476
2097,7391.6665
2098,7217.1177
2099,6726.219
2100,6468.7563
2101,6588.729
2102,7182.7427
2103,7354.811
2104,7400.771
2105,7438.0693
2106,7081.894
2107,6987.0186
2108,7120.547
2109,7134.6943
2110,7228.75
2111,7218.409
2112,7213.2686
2113,7278.8813
2114,7196.2803
2115,7164.6772
2116,7252.191
2117,7495.8384
2118,7647.2744
2119,7627.4233
2120,7653.988
2121,7668.225
2122,7746.3013
2123,7625.2456
2124,7468.2295
2125,7601.323
2126,7587.4595
2127,7708.154
2128,7895.0015
2129,8227.869
2130,8205.113
2131,8329.299
2132,8096.815
2133,7922.9443
2134,7997.041
2135,8012.919
2136,8178.457
2137,8330.663
2138,8632.693
2139,8338.679
2140,7882.3486
2141,8071.061
2142,8445.755
2143,8283.806
2144,8389.903
2145,8578.472
2146,8627.462
2147,8687.336
2148,9078.708
2149,8792.735
2150,9264.826
2151,8742.603
2152,8736.86
2153,8675.369
2154,8843.841
2155,8587.993
2156,8748.94
2157,9048.96
2158,8848.242
2159,8720.891
2160,8777.08
2161,8728.95
2162,8423.52
2163,8014.5474
2164,7062.485
2165,6600.958
2166,5600.2515
2167,5803.033
2168,6519.6196
2169,5996.284
2170,5487.169
2171,5720.251
2172,5660.4414
2173,5615.6187
2174,4714.656
2175,4075.4038
2176,3577.4485
2177,4062.8958
2178,4541.092
2179,4639.598
2180,5166.1797
2181,5265.801
2182,5886.1973
2183,6747.2603
2184,6255.8594
2185,6360.348
2186,6488.0933
2187,6387.3457
2188,6576.1997
2189,6719.977
2190,6405.1265
2191,6073.2686
2192,5857.1216
2193,5638.679
2194,5525.1475
2195,5157.27
2196,5302.7026
2197,5470.0054
2198,5400.455
2199,5450.896
2200,5610.907
2201,5460.303
2202,5565.4263
2203,5429.8784
2204,5459.1875
2205,5478.237
2206,5416.7026
2207,5716.193
2208,6525.6294
2209,6506.063
2210,6352.3154
2211,5899.5894
2212,6268.23
2213,6125.04
2214,5927.9263
2215,6151.0864
2216,6304.233
2217,6695.461
2218,6479.8037
2219,6409.3306
2220,6811.4966
2221,6783.2163
2222,6643.977
2223,6588.9736
2224,6596.6675
2225,6569.7617
2226,7536.491
2227,7196.76
2228,7324.789
2229,7148.0127
2230,7085.734
2231,7184.6885
2232,6776.031
2233,6661.5894
2234,6902.1157
2235,6837.955
2236,6702.905
2237,6616.4473
2238,6429.785
2239,6682.2495
2240,6877.51
2241,6862.095
2242,7060.961
2243,7229.801
2244,7280.832
2245,6957.615
2246,7027.2534
2247,7135.0815
2248,7203.4946
2249,7265.7627
2250,7256.1055
2251,7399.2627
2252,7738.268
2253,8552.564
2254,8565.514
2255,9266.697
2256,9048.383
2257,8711.342
2258,8458.037
2259,8317.971
2260,8400.174
2261,8741.892
2262,8725.532
2263,8644.3
2264,8762.606
2265,8528.936
2266,8268.881
2267,8600.849
2268,8424.444
2269,8530.095
2270,8124.1064
2271,8179.2876
2272,8133.121
2273,8182.969
2274,8718.011
2275,8605.206
2276,8456.397
2277,8257.908
2278,8642.101
2279,8544.285
2280,8698.085
2281,9038.303
2282,8535.018
2283,8783.704
2284,9636.544
2285,9624.803
2286,9316.998
2287,9281.019
2288,9655.252
2289,9487.4375
2290,10746.078
2291,10843.519
2292,10650.75
2293,10213.28
2294,11363.32
2295,10513.283
2296,10136.846
2297,9706.468
2298,9722.988
2299,10000.78
2300,10029.174
2301,9835.32
2302,9591.263
2303,9055.537
2304,10062.955
2305,10479.841
2306,9963.942
2307,9806.343
2308,9967.383
2309,9754.053
2310,9582.507
2311,9518.601
2312,9400.649
2313,9297.663
2314,9448.889
2315,10129.485
2316,10352.468
2317,10218.259
2318,10737.663
2319,10795.205
2320,9936.144
2321,10232.005
2322,10268.022
2323,10090.829
2324,9905.569
2325,10185.029
2326,9934.17
2327,9864.065
2328,10667.544
2329,10167.992
2330,9869.7705
2331,9640.664
2332,9543.175
2333,9790.501
2334,9868.51
2335,9714.112
2336,10313.478
2337,9951.723
2338,10234.945
2339,10876.157
2340,10547.647
2341,10435.395
2342,11869.073
2343,11485.582
2344,12437.372
2345,21193.904
2346,19528.645
2347,19849.645
2348,20125.111
2349,19145.709
2350,18801.691
2351,19557.547
2352,19237.703
2353,18668.725
2354,17773.73
2355,17757.266
2356,17491.414
2357,16358.582
2358,15666.214
2359,17766.697
2360,17805.305
2361,18686.367
2362,21466.508
2363,20914.271
2364,23905.322
2365,24316.465
2366,26023.545
2367,22488.236
2368,22846.988
2369,22434.898
2370,22479.975
2371,22344.74
2372,22832.18
2373,22162.709
2374,21898.154
2375,24287.564
2376,24001.639
2377,23034.365
2378,22247.197
2379,22278.947
2380,22376.709
2381,23124.72
2382,23218.125
2383,23475.896
2384,22269.102
2385,21277.28
2386,21510.377
2387,22315.586
2388,22525.98
2389,22772.936
2390,22821.275
2391,23182.846
2392,23334.516
2393,23381.684
2394,23394.588
2395,23572.18
2396,24586.836
2397,24480.72
2398,24957.201
2399,25032.545
2400,24534.514
2401,24925.53
2402,26810.396
2403,28460.326
2404,28474.756
2405,27764.197
2406,28329.768
2407,28322.365
2408,26917.645
2409,25130.709
2410,24707.79
2411,24667.709
2412,25121.814
2413,26225.486
2414,26070.488
2415,25962.857
2416,26119.914
2417,26298.441
2418,26478.348
2419,26974.725
2420,27008.668
2421,27741.531
2422,27841.24
2423,28370.994
2424,29047.71
2425,29434.69
2426,29073.928
2427,28938.748
2428,28877.545
2429,29666.814
2430,28079.023
2431,29625.793
2432,30577.508
2433,31497.904
2434,31763.89
2435,31805.96
2436,31911.787
2437,31667.568
2438,31643.889
2439,32035.422
2440,31578.193
2441,32110.812
2442,32623.46
2443,32597.666
2444,33583.51
2445,34359.504
2446,34546.68
2447,34121.92
2448,34785.766
2449,34978.766
2450,34883.38
2451,34947.016
2452,34836.34
2453,33994.855
2454,31872.408
2455,30160.674
2456,30939.57
2457,30653.658
2458,29680.9
2459,29276.22
2460,29938.246
2461,30753.254
2462,30840.805
2463,31160.123
2464,31110.559
2465,31609.143
2466,31540.533
2467,31077.865
2468,30831.309
2469,30428.08
2470,29960.871
2471,30432.05
2472,33241.46
2473,31787.145
2474,32484.398
2475,31908.11
2476,32027.066
2477,31464.896
2478,30746.426
2479,30815.12
2480,31869.227
2481,31008.414
2482,31167.623
2483,31367.197
2484,31089.145
2485,30859.477
2486,30495.023
2487,30173.943
2488,30759.402
2489,30748.479
2490,30652.705
2491,29971.38
2492,30826.184
2493,30807.186
2494,31596.824
2495,31861.85
2496,32753.941
2497,32694.195
2498,32889.34
2499,33113.617
2500,32959.125
2501,32751.41
2502,32399.91
2503,31605.01
2504,31201.89
2505,31538.549
2506,31698.062
2507,31563.309
2508,30780.51
2509,30634.262
2510,30951.174
2511,30943.775
2512,31064.105
2513,30630.457
2514,30829.342
2515,30672.537
2516,30510.584
2517,30461.873
2518,30425.719
2519,30703.83
2520,30582.375
2521,30827.232
2522,30989.19
2523,31199.807
2524,31792.01
2525,31866.242
2526,31681.598
2527,32170.76
2528,32678.86
2529,32624.238
2530,31973.746
2531,31739.654
2532,32317.275
2533,31784.115
2534,32003.861
2535,32806.023
2536,33022.59
2537,32792.3
2538,32804.53
2539,31871.912
2540,31521.453
2541,31086.885
2542,30839.773
2543,31000.299
2544,31332.678
2545,31018.691
2546,31630.281
2547,31556.037
2548,30908.791
2549,31023.543
2550,31108.44
2551,31149.229
2552,31242.43
2553,31631.629
2554,31881.807
2555,32037.53
2556,32785.426
2557,32826.312
2558,32285.588
2559,31868.248
2560,31876.77
2561,31570.877
2562,31117.988
2563,30836.92
2564,30478.766
2565,29652.426
2566,28741.447
2567,28007.23
2568,27843.953
2569,27981.35
2570,27734.69
2571,27080.227
2572,25203.191
2573,25622.21
2574,25334.246
2575,24914.781
2576,26061.492
2577,26381.748
2578,26284.475
2579,25761.543
2580,24044.797
2581,22983.988
2582,23131.457
2583,23395.3
2584,23482.395
2585,23475.145
2586,23773.557
2587,23861.3
2588,23831.168
2589,23856.945
2590,23555.736
2591,23176.645
2592,23290.812
2593,23266.79
2594,26264.28
2595,26783.816
2596,26619.143
2597,27199.477
2598,27745.506
2599,27819.426
2600,28300.262
2601,28871.357
2602,29346.674
2603,29628.217
2604,29739.695
2605,28973.146
2606,27888.361
2607,28957.05
2608,29246.092
2609,29812.19
2610,30198.42
2611,30247.469
2612,30075.031
2613,30448.547
2614,30399.797
2615,29864.059
2616,30028.877
2617,29419.244
2618,29319.484
2619,28894.51
2620,28587.639
2621,29256.809
2622,29519.674
2623,29582.785
2624,29435.744
2625,29405.873
2626,29390.793
2627,29257.756
2628,29183.326
2629,29148.545
2630,29266.781
2631,29744.475
2632,29839.354
2633,29782.568
2634,30217.002
2635,30067.936
2636,29840.09
2637,29937.19
2638,29950.205
2639,30247.955
2640,30977.467
2641,31587.24
2642,31869.88
2643,31819.143
2644,31757.127
2645,31663.94
2646,31816.037
2647,30229.947
2648,31221.357
2649,32670.814
2650,33020.574
2651,31695.033
2652,31833.58
2653,32532.281
2654,32566.12
2655,32330.906
2656,31548.234
2657,32289.137
2658,32404.219
2659,32569.754
2660,32685.488
2661,32580.936
2662,32614.24
2663,32413.387
2664,31695.71
2665,31142.795
2666,30849.393
2667,30626.834
2668,30549.209
2669,30939.719
2670,31425.174
2671,31362.861
2672,31087.752
2673,31246.6
2674,31307.143
2675,31671.201
2676,31611.623
2677,31246.484
2678,31177.107
2679,31285.717
2680,31501.197
2681,32696.965
2682,32935.902
2683,33458.043
2684,35675.395
2685,36069.11
2686,35564.6
2687,35632.28
2688,35884.2
2689,36056.07
2690,33043.62
2691,35516.67
2692,36002.688
2693,37465.82
2694,37445.906
2695,37583.77
2696,37109.617
2697,36800.26
2698,36957.87
2699,36826.32
2700,36725.434
2701,36969.13
2702,36817.406
2703,36694.824
2704,34963.17
2705,35384.73
2706,35072.21
2707,35745.445
2708,35563.965
2709,35570.156
2710,35632.74
2711,35887.293
2712,35673.2
2713,35713.844
2714,35548.992
2715,35642.54
2716,35472.47
2717,35554.15
2718,35641.586
2719,35433.92
2720,35482.4
2721,35736.035
2722,35562.176
2723,35239.88
2724,35593.914
2725,35092.41
2726,35101.953
2727,34819.344
2728,34480.883
2729,33763.066
2730,33458.184
2731,32714.605
2732,32382.09
2733,32331.365
2734,32481.615
2735,32220.65
2736,31898.633
2737,31345.998
2738,30776.152
2739,31055.79
2740,30503.45
2741,30509.883
2742,30035.037
2743,30557.463
2744,30824.354
2745,32024.293
2746,32847.98
2747,33406.2
2748,32982.383
2749,32906.816
2750,32350.977
2751,31767.867
2752,32756.057
2753,32309.033
2754,32109.271
2755,32437.596
2756,31125.352
2757,30965.943
2758,30281.832
2759,30946.117
2760,31791.291
2761,31801.674
2762,32633.264
2763,32844.355
2764,32631.623
2765,32838.035
2766,33494.96
2767,33208.375
2768,32807.79
2769,32988.324
2770,32941.82
2771,32691.805
2772,32228.348
2773,32746.596
2774,32665.273
2775,32655.244
2776,32206.424
2777,32143.123
2778,33486.926
2779,35302.727
2780,36625.42
2781,36441.473
2782,36409.39
2783,36233.855
2784,36603.434
2785,36748.402
2786,36750.19
2787,35716.098
2788,35532.246
2789,36386.457
2790,36527.65
2791,36600.133
2792,36705.227
2793,36444.87
2794,36931.055
2795,37582.49
2796,38823.723
2797,41082.562
2798,40171.527
2799,39452.7
2800,40535.375
2801,41492.785
2802,42198.203
2803,42303.83
2804,42824.547
2805,43227.06
2806,43609.965
2807,43927.39
2808,43604.848
2809,43143.137
2810,41735.168
2811,42622.41
2812,42803.62
2813,43504.875
2814,43828.285
2815,43624.48
2816,42380.027
2817,42714.465
2818,41964.926
2819,41051.16
2820,40726.38
2821,40788.906
2822,40535.156
2823,40432.25
2824,39969.94
2825,40081.6
2826,41282.508
2827,41077.76
2828,40859.37
2829,40829.19
2830,40740.39
2831,40751.184
2832,40165.867
2833,40542.902
2834,40808.82
2835,40196.7
2836,41230.95
2837,41537.793
2838,42662.973
2839,43420.695
2840,43529.434
2841,43601.074
2842,43889.945
2843,43846.13
2844,43594.277
2845,43828.53
2846,45853.16
2847,46342.582
2848,45724.47
2849,45411.066
2850,44858.914
2851,42714.434
2852,42040.227
2853,40515.68
2854,41288.773
2855,40094.05
2856,41201.086
2857,41819.04
2858,41771.12
2859,41226.69
2860,38930.53
2861,38881.9
2862,40553.836
2863,41173.258
2864,41943.91
2865,43513.727
2866,43691.023
2867,43329.547
2868,43249.35
2869,43332.605
2870,43337.945
2871,42966.79
2872,44224.367
2873,43725.535
2874,43160.047
2875,43000.773
2876,42071.812
2877,41893.89
2878,42048.477
2879,41881.668
2880,41423.824
2881,41438.047
2882,41602.59
2883,40780.33
2884,39803.188
2885,39845.6
2886,41149.83
2887,40974.79
2888,40180.633
2889,39602.56
2890,40602.48
2891,41078.3
2892,40562.402
2893,41451.676
2894,41735.297
2895,41490.82
2896,41692.555
2897,41475.51
2898,42198.715
2899,43248.625
2900,43705.242
2901,42952.39
2902,43175.984
2903,43167.05
2904,42976.496
2905,42714.434
2906,42864.41
2907,42180.51
2908,42636.418
2909,44318.453
2910,46671.91
2911,48348.83
2912,49143.04
2913,48446.62
2914,49024.254
2915,49052.668
2916,51651.016
2917,58869.08
2918,64461.73
2919,60964.72
2920,59122.145
2921,60161.598
2922,63210.547
2923,65730.41
2924,64424.85
2925,62908.94
2926,62151.61
2927,60368.188
2928,59683.99
2929,59475.027
2930,60637.934
2931,61534.363
2932,61440.695
2933,61236.246
2934,58714.004
2935,58455.992
2936,57995.57
2937,57106.85
2938,59051.156
2939,60257.305
2940,60789.098
2941,59862.23
2942,58507.914
2943,55470.93
2944,54986.81
2945,56071.55
2946,55540.945
2947,56825.33
2948,57108.387
2949,56748.2
2950,56867.527
2951,56285.96
2952,55465.426
2953,55197.637
2954,55155.74
2955,55003.15
2956,54445.69
2957,53078.08
2958,52997.836
2959,52123.445
2960,50911.715
2961,50124.297
2962,48780.062
2963,48411.555
2964,47424.67
2965,46895.37
2966,45938.355
2967,46601.605
2968,48643.734
2969,49806.6
2970,50197.418
2971,51612.836
2972,53785.85
2973,54671.004
2974,56445.086
2975,57209.28
2976,55379.383
2977,52775.363
2978,50153.05
2979,50532.145
2980,50021.965
2981,52551.613
2982,54610.684
2983,52971.88
2984,53284.914
2985,53328.28
2986,54202.883
2987,53738.777
2988,53717.1
2989,54224.734
2990,55233.707
2991,55141.652
2992,55645.934
2993,55511.3
2994,55190.8
2995,56264.387
2996,56056.62
2997,56772.68
2998,57303.586
2999,58910.64
3000,58814.33
3001,58705.344
3002,58416.664
3003,58601.28
3004,58633.41
3005,59199.887
3006,58857.695
3007,58806.816
3008,58508.793
3009,58101.71
3010,56717.945
3011,55962.316
3012,55933.703
3013,56632.992
3014,56651.35
3015,56680.145
3016,57148.6
3017,56863.76
3018,56455.414
3019,56565.43
3020,57276.934
3021,56372.168
3022,56855.01
3023,56671.324
3024,56812.76
3025,57079.188
3026,56946.18
3027,56617.45
3028,56922.203
3029,57085.07
3030,56895.33
3031,56854.605
3032,57151.2
3033,56443.27
3034,56275.99
3035,56607.355
3036,56619.125
3037,56594.152
3038,56548.062
3039,56373.934
3040,56401.15
3041,55497.082
3042,55513.977
3043,55003.008
3044,55172.23
3045,55060.96
3046,54991.566
3047,55188.477
3048,54408.113
3049,54733.62
3050,56218.652
3051,57290.7
3052,57836.934
3053,57063.7
3054,57585.54
3055,57583.266
3056,57169.383
3057,57464.09
3058,57679.582
3059,57392.88
3060,57675.72
3061,57450.258
3062,57170.67
3063,58557.23
3064,61095.1
3065,61046.33
3066,60876.51
3067,60523.68
3068,60816.246
3069,60559.934
3070,60253.637
3071,59974.65
3072,59501.453
3073,59665.207
3074,63012.848
3075,63537.277
3076,62923.254
3077,62908.273
3078,62904.19
3079,62920.27
3080,62571.363
3081,62541.95
3082,61375.16
3083,60241.99
3084,60758.4
3085,60612.043
3086,60515.746
3087,59355.934
3088,60577.207
3089,60322.645
3090,60105.77
3091,60191.36
3092,59942.484
3093,60169.277
3094,59834.83
3095,59793.688
3096,60056.29
3097,60234.844
3098,59983.625
3099,60259.14
3100,60606.277
3101,60371.09
3102,60619.78
3103,60482.477
3104,60540.164
3105,60409.035
3106,60292.816
3107,60062.055
3108,60152.066
3109,60197.74
3110,60256.67
3111,60476.164
3112,60631.78
3113,60452.477
3114,60271.11
3115,60999.98
3116,60935.203
3117,61521.566
3118,61857.156
3119,62093.664
3120,61622.277
3121,61023.36
3122,60909.266
3123,60615.586
3124,59697.23
3125,59813.152
3126,59978.83
3127,59425.625
3128,60601.957
3129,60145.027
3130,60283.984
3131,60546.246
3132,62176.29
3133,62451.26
3134,61827.24
3135,61245.918
3136,62376.945
3137,63988.66
3138,67600.57
3139,68309.34
3140,65370.46
3141,67754.46
3142,68676.01
3143,67612.79
3144,67056.984
3145,67196.54
3146,68581.19
3147,65823.18
3148,63868.18
3149,62547.26
3150,63486.516
3151,62747.227
3152,63287.76
3153,63234.9
3154,62795.625
3155,63006.52
3156,62124.75
3157,62341.99
3158,61623.79
3159,60890.695
3160,61191.51
3161,62239.34
3162,63792.49
3163,64322.887
3164,64661.45
3165,64048.07
3166,64276.875
3167,65005.98
3168,65201.766
3169,65019.13
3170,64915.504
3171,64965.01
3172,65979.15
3173,66870.33
3174,66917.43
3175,66686.06
3176,66503.21
3177,66549.39
3178,66106.21
3179,66254.61
3180,65985.32
3181,65686.71
3182,64614.867
3183,62932.383
3184,62562.016
3185,62514.77
3186,60957.582
3187,60719.082
3188,60066.645
3189,59895.434
3190,60028.74
3191,60405.48
3192,59315.754
3193,59471.113
3194,57828.38
3195,56886.12
3196,57550.715
3197,57642.027
3198,57085.426
3199,59086.598
3200,59794.676
3201,59645.81
3202,59689.66
3203,59744.746
3204,60943.996
3205,62084.85
3206,62070.883
3207,62857.36
3208,63292.78
3209,62597.27
3210,63696.625
3211,63570.48
3212,64001.74
3213,65166.87
3214,65762.484
3215,66081.836
3216,66011.33
3217,65620.26
3218,65077.406
3219,65792.12
3220,66723.55
3221,67144.4
3222,66837.15
3223,67209.23
3224,66881.73
3225,67500.66
3226,67706.47
3227,67922.95
3228,67406.96
3229,66857.19
3230,66385.15
3231,65216.582
3232,67436.836
3233,66595.87
3234,68127.74
3235,68505.28
3236,68912.62
3237,70144.04
3238,69329.7
3239,69608.89
3240,69756.17
3241,69605.97
3242,69916.805
3243,71147.78
3244,71033.52
3245,70809.4
3246,70468.96
3247,71373.53
3248,72727.05
3249,73106.14
3250,72424.74
3251,72666.4
3252,72704.555
3253,72590.94
3254,72523.945
3255,73294.45
3256,74756.26
3257,75534.055
3258,75538.41
3259,75074.31
3260,77026.57
3261,76400.8
3262,75536.78
3263,76882.6
3264,76323.18
3265,76256.26
3266,76009.46
3267,75669.44
3268,76863.516
3269,77129.42
3270,77623.12
3271,78118.05
3272,77876.77
3273,79986.266
3274,80198.07
3275,79967.85
3276,79666.3
3277,79767.836
3278,79285.766
3279,78771.11
3280,78707.766
3281,78546.22
3282,78381.3
3283,77082.73
3284,76641.125
3285,76786.01
3286,76488.414
3287,76272.51
3288,75956.836
3289,74968.06
3290,74768.055
3291,74698.78
3292,74727.03
3293,75555.06
3294,75411.11
3295,74940.96
3296,74793.59
3297,74819.414
3298,74780.56
3299,74799.42
3300,74829.56
3301,74447.836
3302,74759.15
3303,74327.414
3304,73589.49
3305,73305.75
3306,73268.766
3307,74176.055
3308,72582.8
3309,72181.11
3310,71731.98
3311,68953.12
3312,69615.94
3313,69471.914
3314,66933.85
3315,66444.375
3316,67126.02
3317,67038.61
3318,66403.06
3319,66501.51
3320,67567.28
3321,67414.47
3322,68686.38
3323,69337.56
3324,69565.586
3325,69332.76
3326,69612.164
3327,70260.49
3328,68541.74
3329,68380.69
3330,68746.25
3331,69320.375
3332,68802.93
3333,68667.2
3334,68838.516
3335,68751.81
3336,68813.734
3337,69025.58
3338,68700.79
3339,68771.09
3340,68716.16
3341,66951.555
3342,66120.766
3343,65539.07
3344,64331.29
3345,64800.227
3346,64159.805
3347,63673.76
3348,63795.027
3349,63413.863
3350,63027.562
3351,62380.684
3352,62842.047
3353,62932.586
3354,62830.445
3355,62218.293
3356,66685.56
3357,67365.19
3358,64361.645
3359,63569.055
3360,61672.85
3361,61368.895
3362,61870.645
3363,64308.266
3364,63169.535
3365,62148.52
3366,61675.527
3367,61050.383
3368,62691.85
3369,61110.125
3370,60763.895
3371,61551.867
3372,62293.543
3373,61773.438
3374,61948.01
3375,61313.195
3376,61679.9
3377,63217.797
3378,65832.43
3379,67125.94
3380,67395.59
3381,68650.586
3382,70940.78
3383,70290.15
3384,63755.67
3385,61640.992
3386,61388.797
3387,60935.73
3388,61423.457
3389,60399.824
3390,60730.53
3391,61089.5
3392,60455.785
3393,60107.832
3394,59839.35
3395,59277.215
3396,59229.363
3397,61932.94
3398,64621.035
3399,64006.477
3400,64053.695
3401,64770.023
3402,65369.273
3403,65499.535
3404,65450.598
3405,64788.88
3406,65767.83
3407,65895.18
3408,67047.69
3409,68240.4
3410,68810.25
3411,68759.984
3412,67213.82
3413,67850.945
3414,67503.91
3415,69075.375
3416,71687.73
3417,72591.7
3418,73210.38
3419,73134.66
3420,71188.28
3421,71716.17
3422,72336.53
3423,73054.59
3424,73026.61
3425,74051.0
3426,74817.13
3427,72571.27
3428,70946.79
3429,69993.52
3430,69623.99
3431,69092.516
3432,69272.73
3433,69180.59
3434,67957.31
3435,68351.08
3436,67957.92
3437,69607.49
3438,70455.75
3439,70917.37
3440,71610.555
3441,71453.43
3442,71448.805
3443,70629.87
3444,71341.375
3445,72899.39
3446,77559.75
3447,77696.39
3448,78020.76
3449,78848.46
3450,78573.83
3451,77970.86
3452,75025.53
3453,74154.74
3454,75176.64
3455,75577.18
3456,74744.23
3457,73456.805
3458,72418.4
3459,71297.07
3460,71974.76
3461,71594.72
3462,71722.055
3463,73400.85
3464,73308.78
3465,72368.57
3466,72893.055
3467,71397.984
3468,71162.74
3469,72195.2
3470,72305.98
3471,71067.5
3472,68918.85
3473,68603.72
3474,68993.06
3475,68634.0
3476,68314.18
3477,68290.91
3478,68756.77
3479,69217.25
3480,69725.3
3481,69631.484
3482,69711.67
3483,69484.69
3484,69038.81
3485,70901.05
3486,73089.555
3487,72891.98
3488,71044.07
3489,70896.13
3490,71547.43
3491,71024.23
3492,71438.22
3493,71465.95
3494,70822.81
3495,72386.88
3496,70653.266
3497,67975.97
3498,67259.6
3499,67555.81
3500,67035.87
3501,68390.15
3502,68287.48
3503,67936.93
3504,67647.47
3505,67041.59
3506,66953.39
3507,66685.92
3508,66078.42
3509,66397.6
3510,65684.27
3511,66350.66
3512,66096.984
3513,66053.73
3514,66240.18
3515,70617.86
3516,69757.21
3517,71725.39
3518,72365.61
3519,73053.02
3520,74003.35
3521,72890.64
3522,74458.24
3523,73369.43
3524,72980.28
3525,72326.98
3526,72287.016
3527,72671.66
3528,72833.19
3529,73176.35
3530,73296.38
3531,72924.52
3532,72731.91
3533,72098.46
3534,72779.96
3535,72651.97
3536,72644.805
3537,73207.695
3538,72694.71
3539,72557.055
3540,71927.68
3541,71595.84
3542,71872.23
3543,71566.14
3544,72557.305
3545,72815.734
3546,74953.33
3547,77402.195
3548,77518.6
3549,77413.195
3550,77125.41
3551,77537.66
3552,77668.26
3553,78924.57
3554,79060.86
3555,80677.68
3556,79399.96
3557,78658.83
3558,77818.734
3559,79408.516
3560,81147.49
3561,80349.8
3562,80161.32
3563,79997.35
3564,79533.58
3565,79046.57
3566,79074.81
3567,78990.93
3568,79614.88
3569,79834.66
3570,79443.805
3571,79553.5
3572,79526.69
3573,79274.77
3574,81100.414
3575,81882.98
3576,81006.734
3577,81074.945
3578,80505.34
3579,79530.21
3580,78529.58
3581,78052.49
3582,79022.07
3583,78813.38
3584,78395.38
3585,77956.266
3586,78149.64
3587,78826.266
3588,78141.26
3589,78563.016
3590,78547.91
3591,78310.98
3592,78292.18
3593,78564.41
3594,78770.45
3595,79293.125
3596,79807.68
3597,80522.266
3598,80275.77
3599,81684.86
3600,81430.28
3601,83601.81
3602,83825.25
3603,83857.98
3604,83746.21
3605,82609.22
3606,82070.71
3607,82894.055
3608,83371.14
3609,83688.25
3610,81766.01
3611,83168.72
3612,85432.88
3613,87138.914
3614,89501.42
3615,91192.76
3616,90437.805
3617,89719.055
3618,90468.12
3619,91181.03
3620,92496.06
3621,92297.49
3622,92067.086
3623,92238.266
3624,91420.03
3625,93001.48
3626,94708.52
3627,94747.31
3628,94626.984
3629,95504.164
3630,98904.62
3631,100225.18
3632,101127.055
3633,100699.234
3634,100934.54
3635,101158.26
3636,99967.23
3637,100971.414
3638,101140.24
3639,101900.2
3640,102544.99
3641,102704.086
3642,103227.72
3643,103522.06
3644,105218.89
3645,106834.99
3646,104873.664
3647,102689.86
3648,101906.02
3649,101794.68
3650,100338.12
3651,99422.55
3652,99289.484
3653,98890.67
3654,97160.555
3655,96107.62
3656,95019.336
3657,96942.28
3658,96241.46
3659,98676.555
3660,97817.19
3661,96635.305
3662,97653.49
3663,97337.4
3664,96146.19
3665,94202.516
3666,92374.41
3667,93241.945
3668,95083.59
3669,94838.08
3670,93951.586
3671,94180.16
3672,94178.19
3673,93962.63
3674,93550.99
3675,91967.26
3676,90591.65
3677,88842.13
3678,88238.93
3679,87944.266
3680,87582.8
3681,87152.336
3682,86935.29
3683,86984.05
3684,85562.4
3685,83576.07
3686,82995.055
3687,83202.07
3688,83855.73
3689,84333.01
3690,85879.87
3691,86867.23
3692,88964.39
3693,89717.98
3694,89762.016
3695,89001.23
3696,89993.695
3697,92378.18
3698,93138.38
3699,91358.34
3700,90822.36
3701,89934.96
3702,88552.56
3703,89473.86
3704,88846.06
3705,88391.42
3706,84314.04
3707,85791.27
3708,89196.75
3709,88582.68
3710,88255.75
3711,88333.18
3712,88215.555
3713,87324.945
3714,87262.57
3715,86637.63
3716,87565.07
3717,86618.695
3718,85943.61
3719,85702.9
3720,87133.63
3721,86693.2
3722,86687.484
3723,86545.53
3724,86410.56
3725,86970.19
3726,87728.96
3727,86812.13
3728,87033.71
3729,86564.64
3730,86029.72
3731,84735.15
3732,83061.8
3733,82925.95
3734,85817.13
3735,86054.32
3736,85652.7
3737,85968.31
3738,86622.9
3739,87119.89
3740,87950.87
3741,88433.07
3742,89217.52
3743,88852.73
3744,88670.11
3745,87224.73
3746,87982.984
3747,89135.92
3748,89346.266
3749,90204.63
3750,91560.77
3751,90571.15
3752,90227.2
3753,93528.98
3754,94551.97
3755,96119.48
3756,94180.73
3757,95873.0
3758,96183.75
3759,97069.96
3760,96585.64
3761,97056.516
3762,96662.16
3763,96139.01
3764,96530.695
3765,96153.836
3766,98460.945
3767,97772.484
3768,96320.92
3769,95775.49
3770,97583.04
3771,97238.7
3772,98628.62
3773,98485.695
3774,96562.125
3775,97323.516
3776,97379.914
3777,99458.32
3778,97839.555
3779,96573.664
3780,96190.95
3781,96208.26
3782,96623.164
3783,96434.11
3784,96095.06
3785,95893.63
3786,95556.7
3787,96518.47
3788,96128.3
3789,94382.32
3790,94170.07
3791,94864.586
3792,93947.12
3793,91481.445
3794,90519.36
3795,91613.445
3796,91956.97
3797,93259.836
3798,91077.7
3799,89953.73
3800,88086.914
3801,90557.41
3802,90843.39
3803,90070.86
3804,89805.24
3805,90773.92
3806,90324.47
3807,90629.44
3808,91075.71
3809,89419.695
3810,89223.484
3811,89479.34
3812,87953.234
3813,86743.445
3814,87193.99
3815,87294.79
3816,84499.78
3817,84325.71
3818,84331.85
3819,85347.695
3820,85168.08
3821,85555.84
3822,84580.13
3823,83998.78
3824,83139.67
3825,83396.22
3826,83898.46
3827,84242.75
3828,84000.484
3829,84590.586
3830,87242.41
3831,86528.94
3832,85595.75
3833,86277.14
3834,86870.4
3835,86416.69
3836,86410.35
3837,87190.766
3838,87636.5
3839,88116.05
3840,87177.04
3841,85597.66
3842,84122.86
3843,84252.26
3844,86144.06
3845,86375.73
3846,86355.21
3847,88203.85
3848,90174.34
3849,89265.39
3850,86202.97
3851,81244.68
3852,81549.38
3853,81634.87
3854,82720.56
3855,81826.336
3856,81595.28
3857,82874.79
3858,82939.72
3859,82441.88
3860,82442.64
3861,81292.33
3862,81352.84
3863,81934.39
3864,82232.84
3865,83508.94
3866,84102.25
3867,83769.04
3868,84361.414
3869,85789.68
3870,84684.19
3871,84501.266
3872,84496.984
3873,85882.28
3874,84081.55
3875,84199.086
3876,85109.4
3877,84616.76
3878,84147.99
3879,84077.37
3880,84665.914
3881,85369.84
3882,80871.08
3883,78830.63
3884,78939.78
3885,77070.5
3886,75298.42
3887,74375.23
3888,73859.36
3889,72834.63
3890,71983.16
3891,71855.55
3892,74150.16
3893,74584.57
3894,74694.57
3895,73838.84
3896,73427.43
3897,72267.336
3898,71867.09
3899,70893.97
3900,69668.71
3901,69862.805
3902,69187.336
3903,68221.47
3904,67100.08
3905,63386.793
3906,63300.707
3907,65057.21
3908,66092.82
3909,65882.24
3910,68034.836
3911,67653.45
3912,67941.99
3913,67544.54
3914,66938.914
3915,66970.73
3916,67472.99
3917,67081.65
3918,65720.82
3919,64899.63
3920,63294.45
3921,62178.78
3922,61270.008
3923,62023.953
3924,62306.285
3925,60489.453
3926,58405.324
3927,62150.59
3928,62900.508
3929,63971.004
3930,63123.344
3931,63457.445
3932,63416.082
3933,63541.13
3934,64305.57
3935,64422.72
3936,64466.613
3937,65164.31
3938,65618.375
3939,66617.56
3940,67850.11
3941,67635.31
3942,65309.656
3943,66737.67
3944,66710.44
3945,66188.21
3946,67720.39
3947,64960.082
3948,63677.12
3949,65066.344
3950,65840.52
3951,65662.12
3952,65416.652
3953,63307.457
3954,63550.38
3955,64008.496
3956,64237.72
3957,67194.41
3958,67713.21
3959,68780.14
3960,69055.57
3961,69181.97
3962,67519.17
3963,66404.695
3964,68296.53
3965,69465.18
3966,68451.445
3967,66780.945
3968,68833.81
3969,71476.06
3970,71288.45
3971,71109.79
3972,72612.336
3973,72939.59
3974,72262.15
3975,70769.83
3976,69583.21
3977,70863.91
3978,70870.125
3979,69153.15
3980,67664.164
3981,68280.59
3982,67174.56
3983,67597.73
3984,68773.32
3985,68980.16
3986,69043.25
3987,67589.33
3988,66986.84
3989,68177.11
3990,69149.04
3991,70005.62
3992,69516.02
3993,69781.42
3994,71195.56
3995,70377.51
3996,71185.33
3997,71434.805
3998,70794.78
3999,71491.77
4000,71678.53
4001,71030.555
4002,69402.39
4003,69051.28
4004,65915.19
4005,65054.004
4006,65729.484
4007,63379.703
4008,63208.438
4009,62930.32
4010,63760.777
4011,64866.98
4012,65435.266
4013,65070.32
4014,64578.547
4015,63863.535
4016,64013.78
4017,65374.754
4018,64533.19
4019,65014.625
4020,64493.97
4021,63032.832
4022,63348.688
4023,63334.285
4024,63145.547
4025,62661.547
4026,62830.812
4027,62617.586
4028,62470.336
4029,62879.87
4030,61955.086
4031,61693.684
4032,61892.113
4033,61269.36
4034,60954.047
4035,61779.688
4036,61805.742
4037,62476.758
4038,62217.43
4039,61119.95
4040,61353.848
4041,60705.566
4042,59726.97
4043,59591.09
4044,60517.86
4045,61030.242
4046,65286.023
4047,63676.79
4048,62109.96
4049,61286.824
4050,60471.566
4051,60338.883
4052,60998.613
4053,62323.33
4054,61585.496
4055,61013.438
4056,60833.797
4057,60273.066
4058,62181.15
4059,62101.082
4060,62251.61
4061,62692.52
4062,61866.527
4063,62182.766
4064,62412.656
4065,61842.76
4066,60483.113
4067,60409.312
4068,60924.812
4069,61288.06
4070,60887.465
4071,60521.266
4072,60761.39
4073,61971.504
4074,62632.78
4075,63517.312
4076,63534.223
4077,63149.277
4078,62422.23
4079,61786.355
4080,61982.176
4081,62202.844
4082,61041.246
4083,61227.137
4084,62633.562
4085,63588.473
4086,63202.46
4087,63502.004
4088,63575.383
4089,64119.887
4090,63419.26
4091,63246.3
4092,63891.27
4093,63653.652
4094,63363.004
4095,64026.48
4096,63070.57
4097,61944.773
4098,61144.44
4099,61596.957
4100,61282.03
4101,61325.87
4102,60954.246
4103,61016.76
4104,60229.508
4105,61040.926
4106,60931.496
4107,60956.355
4108,61414.934
4109,60727.715
4110,59581.41
4111,59301.414
4112,59421.65
4113,59362.06
4114,59357.062
4115,59125.293
4116,59558.94
4117,60303.242
4118,60387.46
4119,59566.215
4120,59294.266
4121,59899.06
4122,59831.68
4123,59596.875
4124,60425.53
4125,59948.773
4126,60778.234
4127,60555.855
4128,60988.184
4129,61170.78
4130,60756.285
4131,61101.0
4132,60462.023
4133,59829.504
4134,60464.26
4135,59791.66
4136,59390.316
4137,58921.19
4138,57812.402
4139,57814.12
4140,57033.953
4141,58079.457
4142,58805.59
4143,57881.66
4144,56969.023
4145,56573.73
4146,57023.79
4147,57671.53
4148,55128.55
4149,55397.883
4150,54320.426
4151,56029.562
4152,56258.75
4153,56516.684
4154,56406.664
4155,58177.543
4156,58591.117
4157,58459.31
4158,57870.566
4159,57739.508
4160,56860.51
4161,56576.18
4162,55950.777
4163,55391.363
4164,54735.37
4165,54644.71
4166,56368.36
4167,55882.074
4168,55611.395
4169,55741.65
4170,55648.242
4171,56329.953
4172,56333.367
4173,56771.457
4174,57720.16
4175,58328.76
4176,58846.285
4177,60968.79
4178,61312.426
4179,60152.18
4180,59624.605
4181,58470.938
4182,59852.953
4183,60299.31
4184,60251.934
4185,60109.344
4186,59684.008
4187,59929.574
4188,59468.184
4189,58579.715
4190,56566.035
4191,56249.35
4192,56146.93
4193,57529.723
4194,57201.04
4195,57123.227
4196,57119.918
4197,57422.156
4198,56589.562
4199,56420.117
4200,56169.11
4201,56285.18
4202,56138.04
4203,57162.54
4204,57018.594
4205,57083.05
4206,57065.84
4207,56956.438
4208,56906.35
4209,56407.945
4210,56265.37
4211,56420.66
4212,56274.258
4213,56328.113
4214,56021.164
4215,57254.367
4216,57136.613
4217,56692.68
4218,57004.78
4219,56542.41
4220,56490.277
4221,57074.36
4222,56702.832
4223,56208.855
4224,56499.13
4225,57164.758
4226,56711.715
4227,56499.57
4228,55522.227
4229,54652.89
4230,54595.184
4231,54210.8
4232,54218.527
4233,54450.086
4234,54390.273
4235,53435.984
4236,53174.715
4237,53352.094
4238,52414.105
4239,51851.2
4240,52597.88
4241,52343.887
4242,52211.766
4243,52262.36
4244,52937.707
4245,53193.76
4246,53600.902
4247,53600.145
4248,52779.082
4249,53846.598
4250,54017.383
4251,53329.836
4252,53393.234
4253,53690.652
4254,53421.395
4255,53896.24
4256,54409.95
4257,54650.133
4258,54490.516
4259,53812.145
4260,54470.996
4261,54891.355
4262,54179.348
4263,54468.562
4264,54151.957
4265,55043.945
4266,55084.562
4267,54174.168
4268,53316.465
4269,52782.863
4270,53110.4
4271,53072.492
4272,52571.973
4273,52129.47
4274,51786.438
4275,52031.535
4276,51575.31
4277,51529.11
4278,51387.586
4279,51558.57
4280,51375.668
4281,51166.082
4282,52093.848
4283,52876.84
4284,53528.047
4285,54279.57
4286,55406.94
4287,56851.535
4288,56517.113
4289,56966.61
4290,56829.504
4291,57136.14
4292,57583.18
4293,59255.42
4294,57924.58
4295,57680.484
4296,57096.242
4297,58158.2
4298,59287.836
4299,60429.56
4300,59589.402
4301,59757.05
4302,58601.62
4303,58977.87
4304,58133.08
4305,58706.973
4306,59015.266
4307,59786.664
4308,59902.953
4309,59129.508
4310,57911.902
4311,58240.414
4312,59032.273
4313,59096.918
