,0
0,767.6035
1,734.9919
2,669.0605
3,741.41327
4,709.12524
5,701.55804
6,720.4426
7,696.22455
8,760.4921
9,888.8504
10,797.3344
11,958.92303
12,772.2781
13,797.1289
14,786.15454
15,828.8062
16,829.4956
17,874.4999
18,877.2969
19,847.1561
20,911.99927
21,1062.6824
22,965.834
23,976.4553
24,966.99396
25,1148.6614
26,1025.6494
27,1030.6238
28,934.9728
29,811.1256
30,775.5675
31,796.7173
32,780.3455
33,823.25354
34,726.22217
35,734.0276
36,774.86847
37,761.5107
38,840.42487
39,895.86804
40,898.5415
41,897.0304
42,891.28076
43,819.7686
44,911.704
45,910.289
46,889.1785
47,1001.7979
48,997.3911
49,1049.1798
50,921.8967
51,913.67993
52,875.84076
53,870.5663
54,902.4339
55,870.3425
56,905.1116
57,867.18604
58,974.0796
59,960.0324
60,971.83246
61,973.41364
62,888.06433
63,865.91846
64,762.9094
65,764.7578
66,764.2799
67,756.87946
68,781.77527
69,809.6638
70,761.24646
71,774.3724
72,772.4957
73,740.32227
74,641.80225
75,672.3169
76,719.5368
77,717.601
78,733.77045
79,700.18365
80,699.9333
81,690.8667
82,798.8858
83,749.9881
84,763.3682
85,732.032
86,741.0098
87,729.5952
88,736.9846
89,741.97546
90,745.1589
91,711.52167
92,713.4458
93,739.08496
94,656.4915
95,662.1861
96,591.6797
97,545.64233
98,619.02893
99,571.75006
100,504.9985
101,535.0839
102,607.23224
103,584.5766
104,551.1969
105,554.83527
106,598.9887
107,568.6704
108,571.5592
109,632.54266
110,624.0379
111,659.1521
112,579.62506
113,587.4878
114,611.9741
115,576.8608
116,642.17773
117,569.6526
118,562.9057
119,546.491
120,559.66254
121,538.23755
122,560.94995
123,548.9903
124,581.09674
125,592.3391
126,612.4039
127,630.1573
128,649.7535
129,631.2759
130,611.0798
131,675.22577
132,634.39734
133,648.45
134,664.08936
135,659.89984
136,618.9279
137,616.4783
138,633.8175
139,631.11945
140,612.9363
141,612.9363
142,592.09314
143,590.8816
144,530.0911
145,541.2554
146,582.918
147,552.3241
148,604.6377
149,635.8763
150,623.90784
151,592.6115
152,578.53564
153,573.4521
154,547.2387
155,537.32916
156,566.1016
157,563.94727
158,562.9323
159,599.799
160,596.7201
161,599.4494
162,617.1805
163,596.1942
164,576.40967
165,566.16675
166,567.65936
167,572.6629
168,583.0526
169,594.72687
170,591.4907
171,621.8924
172,620.92554
173,629.1325
174,743.6793
175,635.22296
176,691.80255
177,632.2539
178,623.1681
179,624.0379
180,624.0379
181,624.0379
182,611.3919
183,613.61865
184,515.0731
185,558.74677
186,583.57117
187,592.0134
188,538.1901
189,563.6415
190,575.01514
191,595.6414
192,575.41425
193,578.4106
194,576.51996
195,580.0789
196,591.6765
197,566.5724
198,547.3135
199,525.195
200,538.4399
201,523.0047
202,524.032
203,481.3283
204,485.38205
205,511.26093
206,489.49158
207,490.3127
208,577.06274
209,533.60223
210,538.4648
211,508.0982
212,493.24362
213,498.97223
214,462.71863
215,444.82578
216,452.55542
217,532.9033
218,517.5467
219,517.1644
220,535.85535
221,576.05194
222,533.4985
223,509.24365
224,506.10245
225,514.20435
226,500.0652
227,500.58588
228,496.57318
229,487.98257
230,503.95306
231,590.80237
232,656.17456
233,588.01166
234,585.4084
235,706.5857
236,583.81995
237,571.44324
238,580.7658
239,558.13684
240,576.7232
241,550.60205
242,533.2684
243,534.84143
244,554.88855
245,547.6641
246,571.29004
247,568.51166
248,560.1168
249,631.15045
250,571.62024
251,495.46426
252,480.8753
253,448.58386
254,428.28528
255,490.94626
256,497.4396
257,501.31445
258,487.61096
259,574.73956
260,652.04767
261,554.62964
262,673.95575
263,621.055
264,589.85736
265,600.6395
266,570.63837
267,564.99097
268,565.6608
269,587.3653
270,569.0542
271,581.5366
272,584.2311
273,586.4703
274,577.2554
275,575.6267
276,560.71246
277,576.4313
278,555.0346
279,600.2094
280,580.4324
281,577.9601
282,570.69604
283,577.5002
284,572.8612
285,571.36035
286,593.75977
287,597.9408
288,583.43384
289,645.76685
290,608.2268
291,609.1163
292,579.2764
293,591.0692
294,558.46826
295,554.0791
296,552.52167
297,548.6014
298,575.4563
299,550.26465
300,544.17523
301,506.28845
302,523.44965
303,524.8826
304,566.7903
305,554.8543
306,534.6822
307,529.95654
308,524.93225
309,602.8685
310,543.73444
311,523.1164
312,542.605
313,521.84564
314,519.4621
315,510.2896
316,498.64822
317,503.82413
318,504.29602
319,497.02222
320,507.44833
321,518.9338
322,512.80493
323,522.42096
324,520.3862
325,531.7555
326,532.31146
327,524.7729
328,520.1433
329,520.7176
330,517.0933
331,517.0933
332,513.5488
333,517.04205
334,522.42285
335,514.66095
336,519.82794
337,524.0393
338,530.8409
339,523.7149
340,534.542
341,544.25586
342,531.57605
343,526.70123
344,528.43335
345,531.1221
346,529.30634
347,550.55554
348,539.64325
349,568.2896
350,560.90137
351,596.51465
352,569.8122
353,560.47687
354,558.06647
355,562.61707
356,571.17175
357,579.6576
358,566.90857
359,562.3359
360,563.0187
361,560.9693
362,560.2595
363,586.43634
364,577.8068
365,572.359
366,595.9255
367,620.62787
368,607.9595
369,670.29297
370,663.1712
371,678.1563
372,620.3149
373,603.1383
374,625.62756
375,634.6027
376,611.33746
377,671.49866
378,663.8178
379,659.06775
380,698.6925
381,661.96277
382,791.62616
383,696.5145
384,721.5609
385,647.8715
386,634.2464
387,587.7901
388,589.4238
389,578.3419
390,523.1192
391,518.5648
392,522.7777
393,556.4459
394,550.98627
395,550.939
396,595.69995
397,587.2773
398,570.9708
399,567.03687
400,567.7213
401,581.7368
402,553.82715
403,538.05316
404,568.9147
405,553.84357
406,558.9647
407,577.8028
408,574.96735
409,550.5359
410,564.3951
411,590.7595
412,566.1725
413,559.49915
414,564.5377
415,570.91486
416,556.54443
417,660.96564
418,646.237
419,619.77075
420,690.53076
421,809.03345
422,916.9896
423,1028.8256
424,1161.9685
425,1353.0013
426,1134.4524
427,1334.5168
428,1183.4966
429,1012.93146
430,1211.8038
431,1089.2435
432,969.72253
433,1154.763
434,1010.4671
435,1070.1882
436,951.3875
437,967.8873
438,990.55414
439,1034.6921
440,992.899
441,937.15546
442,942.46985
443,1025.5964
444,955.6194
445,930.0522
446,948.9939
447,885.87305
448,887.72
449,910.3281
450,874.2094
451,852.64404
452,890.927
453,883.7085
454,884.1637
455,1051.2898
456,1070.6462
457,1097.3345
458,1153.2365
459,1107.6743
460,1017.48413
461,1091.1976
462,1012.60657
463,1013.54474
464,1026.8672
465,1082.2642
466,1054.0709
467,1047.9237
468,1087.7455
469,1263.9564
470,1253.7911
471,1279.7885
472,1160.9221
473,1267.7935
474,1211.1672
475,1301.5182
476,1208.8375
477,1230.9845
478,1183.0448
479,1224.7174
480,1215.0476
481,1369.1342
482,1345.272
483,1372.8536
484,1469.4385
485,1623.6418
486,1852.3695
487,1786.1418
488,1924.5994
489,1789.1035
490,1661.7301
491,1758.7434
492,1770.5328
493,1621.7903
494,1545.3198
495,1670.9512
496,1752.9407
497,1782.4703
498,2051.903
499,2140.8013
500,2165.362
501,2097.7522
502,2182.8787
503,2022.2229
504,2024.2628
505,1980.4253
506,1986.0574
507,2016.7433
508,2243.932
509,2165.4116
510,2241.2651
511,2116.3298
512,2114.2754
513,2126.9556
514,2177.159
515,2070.8853
516,1892.6925
517,1728.4637
518,1816.4202
519,1746.5903
520,1733.3026
521,1673.095
522,1810.7572
523,1826.6333
524,1798.412
525,1847.2471
526,1838.4214
527,1761.7179
528,1738.1843
529,1684.6758
530,1674.3752
531,1663.5311
532,1676.8224
533,1597.4453
534,1677.2444
535,1756.1401
536,1727.7217
537,1634.201
538,1610.6473
539,1594.633
540,1610.3359
541,1569.5471
542,1610.6945
543,1709.9341
544,1669.638
545,1723.7477
546,1832.9712
547,1760.5302
548,1730.9478
549,1754.5356
550,1765.4403
551,1922.292
552,1860.0763
553,1977.9906
554,2087.0205
555,2052.4678
556,1974.9381
557,1881.0448
558,1801.2068
559,1711.095
560,1733.3822
561,1735.4407
562,1737.5806
563,1766.6733
564,1748.6742
565,1797.6357
566,1752.2203
567,1699.186
568,1629.695
569,1526.7314
570,1367.2534
571,1280.9504
572,1337.163
573,1194.4515
574,1080.1034
575,1282.219
576,1324.6003
577,1247.3176
578,1194.1843
579,1395.1666
580,1366.0231
581,1382.4921
582,1392.6924
583,1334.9858
584,1397.3267
585,1445.98
586,1443.0352
587,1426.4058
588,1459.5165
589,1460.0767
590,1379.9929
591,1358.4497
592,1324.2313
593,1290.1105
594,1277.2794
595,1235.6306
596,1232.079
597,1196.8638
598,1218.2362
599,1261.0278
600,1231.8971
601,1252.7557
602,1263.8861
603,1262.7732
604,1288.072
605,1226.3755
606,1231.4047
607,1150.1558
608,1142.337
609,1179.206
610,1362.3302
611,1315.3721
612,1084.6702
613,1168.4633
614,1202.0939
615,1172.0112
616,1169.1962
617,1198.7014
618,1248.3849
619,1206.7135
620,1276.2653
621,1318.364
622,1282.7672
623,1280.0247
624,1339.242
625,1298.6184
626,1254.8254
627,1182.2048
628,1105.3627
629,1166.1588
630,1129.5206
631,1123.0476
632,1068.4779
633,1059.4492
634,1100.7958
635,1126.1033
636,1115.0522
637,1104.1486
638,1065.7542
639,1111.5101
640,1099.7994
641,1101.9349
642,1086.0055
643,1091.5841
644,1219.9175
645,1139.5414
646,1190.0789
647,1155.2274
648,1232.3505
649,1228.1252
650,1209.1677
651,1179.9355
652,1145.1025
653,1221.8804
654,1216.8422
655,1201.9814
656,1266.8315
657,1264.1084
658,1361.1902
659,1563.5417
660,1490.0039
661,1258.3105
662,1332.4159
663,1321.3671
664,1375.269
665,1317.5634
666,1390.2262
667,1387.661
668,1390.5302
669,1330.6543
670,1285.1173
671,1189.0159
672,1117.4658
673,1139.1096
674,1103.7625
675,1020.4513
676,1054.3217
677,1068.8868
678,1078.5564
679,1043.845
680,1031.8765
681,994.643
682,938.6901
683,914.97375
684,962.42834
685,1016.55865
686,984.45544
687,1038.9727
688,1066.0295
689,1059.4945
690,1013.1442
691,1047.5452
692,1026.2272
693,1074.0457
694,1080.7739
695,1080.553
696,1041.6102
697,1028.4459
698,1045.1082
699,1073.5577
700,1038.3163
701,1054.8217
702,1074.6007
703,1055.1671
704,1044.6117
705,1019.91925
706,1007.33765
707,1009.0208
708,1011.73083
709,975.9576
710,996.22034
711,1000.36475
712,996.0799
713,996.4783
714,1005.8242
715,1008.1312
716,1047.3003
717,1044.686
718,1119.0072
719,1128.9932
720,1110.7559
721,1109.0587
722,1095.9767
723,1116.3964
724,1062.7183
725,1033.9205
726,1037.3821
727,1062.2457
728,1030.6504
729,1084.4861
730,1113.467
731,1127.225
732,1068.8867
733,970.5267
734,895.0572
735,871.6792
736,802.7325
737,861.8559
738,882.695
739,873.10443
740,848.1687
741,855.8993
742,829.27057
743,796.44867
744,829.2542
745,813.25006
746,812.1728
747,833.5068
748,802.46857
749,786.2576
750,776.09894
751,742.091
752,757.4709
753,702.65625
754,644.4986
755,679.76215
756,651.49243
757,669.47955
758,684.30524
759,732.71234
760,700.47394
761,694.7648
762,670.19385
763,665.77606
764,672.94086
765,794.94855
766,772.8986
767,738.3099
768,791.01544
769,802.6304
770,753.80383
771,750.7123
772,753.0096
773,758.8846
774,755.3742
775,732.4481
776,702.08716
777,684.8849
778,706.2079
779,705.3514
780,675.9253
781,641.687
782,617.319
783,608.64307
784,579.57153
785,609.07684
786,581.0457
787,603.31354
788,570.1304
789,607.3893
790,617.3675
791,657.5336
792,673.81287
793,662.0367
794,620.52936
795,625.6348
796,622.6347
797,640.63214
798,616.05347
799,618.3805
800,631.8613
801,669.4786
802,697.08997
803,712.58777
804,722.76154
805,695.0638
806,700.0738
807,796.1854
808,785.4819
809,831.3639
810,850.21906
811,832.9637
812,848.7154
813,848.28033
814,833.0407
815,853.8523
816,841.19714
817,757.8939
818,767.3427
819,811.43774
820,775.20807
821,781.6583
822,774.6186
823,793.8031
824,809.0609
825,836.8432
826,797.31635
827,808.9522
828,870.54297
829,889.55853
830,827.58154
831,872.2835
832,830.6498
833,815.7072
834,826.32056
835,845.71936
836,830.3427
837,822.354
838,873.63275
839,842.1665
840,845.12787
841,837.19275
842,845.73083
843,832.7602
844,818.8656
845,823.7721
846,825.3597
847,840.1774
848,840.5549
849,868.8604
850,850.86127
851,832.3963
852,833.73035
853,836.8417
854,838.54395
855,850.429
856,838.0766
857,850.66016
858,905.2349
859,886.6947
860,940.2044
861,975.8382
862,926.79297
863,900.80707
864,937.37665
865,924.76154
866,899.424
867,935.2322
868,909.27576
869,912.38904
870,879.76465
871,847.37726
872,793.14484
873,768.5316
874,786.4677
875,797.6345
876,780.58185
877,784.3418
878,796.5273
879,792.8453
880,784.8277
881,779.9989
882,782.8551
883,768.4959
884,764.69385
885,747.2909
886,763.5542
887,760.4943
888,775.71924
889,765.46924
890,755.57916
891,749.77246
892,743.5344
893,765.662
894,748.9042
895,767.2608
896,801.3833
897,788.56036
898,767.2607
899,766.6246
900,754.8886
901,751.2703
902,754.06726
903,778.7794
904,776.8947
905,773.95483
906,755.4929
907,742.36694
908,748.6085
909,750.2339
910,760.6411
911,756.1937
912,737.2799
913,724.92487
914,680.6214
915,677.763
916,680.065
917,699.4246
918,681.45984
919,651.69995
920,772.9069
921,753.24524
922,744.2121
923,679.9872
924,718.2153
925,695.4359
926,689.5879
927,695.79816
928,700.55725
929,699.7882
930,693.0683
931,738.2079
932,709.6639
933,710.22577
934,711.8695
935,708.62573
936,694.55084
937,692.73334
938,709.73193
939,717.16547
940,708.84265
941,702.1811
942,714.7808
943,709.53766
944,706.8958
945,721.7194
946,693.8041
947,699.0441
948,699.08374
949,687.1986
950,687.3569
951,694.29346
952,697.7864
953,703.61536
954,697.30023
955,686.6969
956,690.70746
957,683.9018
958,686.2924
959,687.75836
960,696.4976
961,719.7372
962,715.4916
963,760.3993
964,747.89343
965,769.13586
966,757.17676
967,726.1681
968,751.33673
969,890.96545
970,826.3226
971,858.8415
972,828.5035
973,797.358
974,770.4414
975,801.2383
976,775.55536
977,797.5241
978,803.01373
979,796.04645
980,752.47473
981,751.0494
982,744.607
983,758.88806
984,766.00543
985,755.828
986,755.583
987,744.6825
988,743.20435
989,737.2333
990,736.2696
991,731.0279
992,725.5486
993,733.64734
994,734.57825
995,721.96027
996,732.30334
997,714.73224
998,731.2411
999,722.66296
1000,716.5946
1001,718.32135
1002,706.6435
1003,711.4099
1004,709.29614
1005,801.82947
1006,764.9455
1007,777.1393
1008,830.3789
1009,878.1775
1010,833.742
1011,786.4887
1012,800.03375
1013,772.17816
1014,764.4304
1015,762.6219
1016,795.42737
1017,799.75397
1018,778.595
1019,769.26385
1020,815.1055
1021,800.3511
1022,809.7097
1023,821.5521
1024,823.6931
1025,813.70483
1026,807.19995
1027,806.8693
1028,771.9725
1029,755.815
1030,726.1737
1031,727.93665
1032,741.93176
1033,750.5917
1034,740.756
1035,747.9069
1036,758.8837
1037,786.44
1038,762.47864
1039,761.92584
1040,748.2711
1041,749.3756
1042,750.0962
1043,747.0902
1044,756.41833
1045,751.1406
1046,763.9743
1047,754.9343
1048,746.6334
1049,747.83624
1050,744.44824
1051,730.2141
1052,739.1461
1053,744.03864
1054,738.9503
1055,731.02545
1056,727.28375
1057,722.1589
1058,727.0089
1059,734.9616
1060,738.4094
1061,728.23517
1062,698.4021
1063,697.91223
1064,702.8496
1065,702.89233
1066,689.05365
1067,696.45734
1068,669.1203
1069,672.01276
1070,674.9142
1071,689.7944
1072,666.40814
1073,618.2026
1074,602.8666
1075,623.89276
1076,611.6998
1077,612.90204
1078,626.2027
1079,630.6064
1080,643.82996
1081,642.019
1082,649.1352
1083,663.27344
1084,674.6904
1085,652.4718
1086,660.57263
1087,661.7062
1088,652.7589
1089,639.9912
1090,618.4404
1091,615.5281
1092,606.6752
1093,611.669
1094,602.4926
1095,605.6851
1096,594.16925
1097,607.89246
1098,609.86884
1099,594.61017
1100,610.6017
1101,604.8913
1102,605.6732
1103,606.1486
1104,626.3507
1105,620.62976
1106,612.8643
1107,611.9615
1108,611.983
1109,615.4354
1110,660.47614
1111,637.5285
1112,636.7293
1113,632.1237
1114,622.4002
1115,610.09186
1116,618.80383
1117,608.1355
1118,620.85846
1119,618.5491
1120,625.8269
1121,630.03546
1122,622.20575
1123,631.3356
1124,636.3027
1125,618.6472
1126,632.8259
1127,617.30133
1128,603.77655
1129,601.1415
1130,611.52966
1131,613.0352
1132,602.55853
1133,610.8039
1134,611.61176
1135,632.96356
1136,634.7816
1137,618.10406
1138,634.1323
1139,677.57184
1140,656.9393
1141,642.20447
1142,658.01776
1143,644.09265
1144,652.20953
1145,666.0934
1146,695.1149
1147,727.4092
1148,756.8453
1149,757.8718
1150,744.4405
1151,744.8759
1152,806.05804
1153,790.31116
1154,814.70654
1155,802.6767
1156,787.715
1157,813.6608
1158,858.2392
1159,834.3603
1160,858.223
1161,934.58154
1162,1093.1959
1163,1114.9176
1164,1212.3547
1165,1050.4637
1166,1073.3358
1167,1143.1978
1168,1120.694
1169,1173.4802
1170,1201.8223
1171,1251.532
1172,1151.3469
1173,1145.5594
1174,1099.7693
1175,1104.884
1176,1078.6688
1177,1007.9136
1178,1021.7327
1179,1020.06006
1180,1077.4032
1181,1015.33374
1182,1049.2607
1183,1071.4945
1184,1036.5447
1185,1066.139
1186,1132.9993
1187,1127.4695
1188,1182.5968
1189,1132.7495
1190,1185.6735
1191,1144.8643
1192,1172.2832
1193,1133.3298
1194,1110.6113
1195,1106.2922
1196,1125.2241
1197,1141.0857
1198,1147.921
1199,1128.8436
1200,1128.8527
1201,1118.254
1202,1087.3187
1203,1103.5581
1204,1071.8036
1205,1155.6759
1206,1148.5232
1207,1167.985
1208,1274.9609
1209,1401.3745
1210,1384.3623
1211,1338.0386
1212,1412.3712
1213,1263.7102
1214,1237.8928
1215,1314.9806
1216,1292.0535
1217,1358.0953
1218,1269.2941
1219,1274.0431
1220,1314.2822
1221,1276.7223
1222,1343.5831
1223,1386.8369
1224,1339.0698
1225,1572.3505
1226,1788.7782
1227,1823.2213
1228,1933.761
1229,1950.7008
1230,1857.6079
1231,1902.1611
1232,1881.7894
1233,1958.5863
1234,2014.9104
1235,1999.624
1236,2297.093
1237,2138.9583
1238,1907.599
1239,1919.334
1240,1960.6099
1241,1994.9126
1242,2014.6229
1243,2025.3693
1244,2045.8933
1245,2029.024
1246,2059.6714
1247,2068.3074
1248,1975.7241
1249,1977.441
1250,1983.0824
1251,2060.575
1252,2043.1178
1253,2011.2437
1254,2030.4045
1255,2026.5377
1256,2101.9937
1257,2098.7703
1258,2107.945
1259,2074.815
1260,2201.305
1261,2296.505
1262,2461.2368
1263,2423.5754
1264,2691.7078
1265,2743.0442
1266,2530.6807
1267,2820.9485
1268,2942.5273
1269,3037.8582
1270,3309.1072
1271,3301.7986
1272,3558.5637
1273,3556.1953
1274,3397.9922
1275,3220.0015
1276,3359.657
1277,3363.5193
1278,3322.3254
1279,3193.1475
1280,2955.306
1281,3008.429
1282,2963.7605
1283,2522.7273
1284,2107.74
1285,1827.3824
1286,1559.1464
1287,1617.5934
1288,1397.0818
1289,1566.0032
1290,1537.1055
1291,1476.871
1292,1425.3243
1293,1420.4065
1294,1397.5057
1295,1512.6985
1296,1502.8801
1297,1433.335
1298,1400.1202
1299,1350.3083
1300,1408.0375
1301,1378.2289
1302,1342.6855
1303,1192.3314
1304,1192.1595
1305,1250.6781
1306,1213.813
1307,1198.7853
1308,1262.2124
1309,1231.2769
1310,1169.2281
1311,1091.7936
1312,1050.6774
1313,1085.5273
1314,1275.7565
1315,1461.2837
1316,1481.5338
1317,1500.6621
1318,1492.1572
1319,1381.9872
1320,1424.8463
1321,1439.1328
1322,1381.5447
1323,1321.3871
1324,1380.8933
1325,1339.9681
1326,1504.6139
1327,1522.9053
1328,1451.08
1329,1397.5154
1330,1485.1616
1331,1451.1451
1332,1575.4546
1333,1509.8481
1334,1617.1255
1335,1662.985
1336,1611.011
1337,1654.4933
1338,1644.2313
1339,1668.6162
1340,1648.0988
1341,1569.2281
1342,1529.9651
1343,1538.5
1344,1629.3801
1345,1580.9548
1346,1575.4657
1347,1514.0261
1348,1551.6829
1349,1536.8467
1350,1575.4542
1351,1501.2267
1352,1509.44
1353,1537.3219
1354,1631.9658
1355,1754.9114
1356,1746.7532
1357,1725.8687
1358,1848.7029
1359,1834.7006
1360,1874.5026
1361,1893.7952
1362,1787.1738
1363,1720.8605
1364,1741.5938
1365,1727.969
1366,1808.5879
1367,1788.4303
1368,1795.8887
1369,1865.8638
1370,1745.8213
1371,1681.2576
1372,1689.8342
1373,1650.8115
1374,1689.0707
1375,1716.6512
1376,1683.6982
1377,1668.5344
1378,1724.8835
1379,1632.392
1380,1564.0215
1381,1483.8962
1382,1500.4601
1383,1533.1177
1384,1583.0146
1385,1594.2474
1386,1543.8961
1387,1509.0155
1388,1506.268
1389,1497.5853
1390,1501.1436
1391,1524.7579
1392,1483.3125
1393,1471.8749
1394,1404.2739
1395,1261.3203
1396,1310.1215
1397,1327.6168
1398,1386.6576
1399,1374.9429
1400,1393.9344
1401,1375.9536
1402,1420.2588
1403,1385.297
1404,1381.5492
1405,1373.8369
1406,1355.1786
1407,1328.5599
1408,1445.083
1409,1431.7084
1410,1407.9899
1411,1353.4698
1412,1440.0524
1413,1517.4187
1414,1670.1316
1415,1648.9136
1416,1680.8389
1417,1588.7296
1418,1567.59
1419,1650.3334
1420,1653.1464
1421,1581.7521
1422,1547.6102
1423,1658.1361
1424,1691.927
1425,1743.1466
1426,1667.8119
1427,1714.3853
1428,1793.9568
1429,1780.3069
1430,1590.57
1431,1529.7324
1432,1540.9303
1433,1522.2634
1434,1563.9825
1435,1562.178
1436,1507.3333
1437,1469.7888
1438,1416.008
1439,1467.536
1440,1481.786
1441,1519.0176
1442,1487.1793
1443,1499.3171
1444,1524.1606
1445,1488.3745
1446,1485.159
1447,1521.4972
1448,1486.6184
1449,1487.5703
1450,1589.1522
1451,1547.2089
1452,1527.4362
1453,1498.1163
1454,1492.5869
1455,1490.1703
1456,1584.45
1457,1654.4456
1458,1576.7598
1459,1650.2246
1460,1628.5349
1461,1602.8969
1462,1559.2543
1463,1573.0201
1464,1628.7461
1465,1562.833
1466,1524.3668
1467,1518.3905
1468,1559.8411
1469,1559.5613
1470,1529.3105
1471,1682.8287
1472,1693.2137
1473,1696.6548
1474,1727.8127
1475,1735.5562
1476,1659.2107
1477,1612.9502
1478,1603.6658
1479,1572.51
1480,1639.8732
1481,1577.8187
1482,1608.3242
1483,1722.5101
1484,1620.1901
1485,1553.8337
1486,1582.1667
1487,1587.6759
1488,1547.8376
1489,1564.491
1490,1548.7811
1491,1574.7091
1492,1593.0757
1493,1589.2949
1494,1482.006
1495,1473.1289
1496,1345.9883
1497,1148.9308
1498,1244.2758
1499,1293.602
1500,1313.0498
1501,1406.5399
1502,1370.1433
1503,1321.7836
1504,1286.3335
1505,1234.6161
1506,1289.4362
1507,1283.7856
1508,1260.6646
1509,1255.1335
1510,1287.8405
1511,1300.6066
1512,1296.7019
1513,1303.8545
1514,1326.8892
1515,1315.5278
1516,1314.8707
1517,1368.1539
1518,1333.506
1519,1308.255
1520,1317.445
1521,1353.4117
1522,1369.7706
1523,1382.0991
1524,1355.9053
1525,1375.5696
1526,1320.7819
1527,1313.3391
1528,1323.2349
1529,1363.7684
1530,1349.2524
1531,1379.6957
1532,1380.2339
1533,1440.3121
1534,1447.6107
1535,1406.5719
1536,1400.4365
1537,1378.7482
1538,1354.343
1539,1325.08
1540,1344.62
1541,1345.9376
1542,1371.1534
1543,1384.2667
1544,1390.8534
1545,1410.5365
1546,1390.8903
1547,1398.3337
1548,1404.6212
1549,1408.505
1550,1430.2748
1551,1410.0565
1552,1382.4432
1553,1389.2975
1554,1412.8367
1555,1385.7734
1556,1381.9088
1557,1379.7538
1558,1456.966
1559,1466.1193
1560,1440.3177
1561,1445.2208
1562,1461.9714
1563,1561.6694
1564,1539.7416
1565,1613.1509
1566,1549.1942
1567,1519.4082
1568,1620.0361
1569,1572.4734
1570,1545.6122
1571,1568.4465
1572,1554.5144
1573,1466.1097
1574,1421.4965
1575,1430.956
1576,1360.2668
1577,1371.3496
1578,1371.367
1579,1319.007
1580,1342.5884
1581,1286.6871
1582,1285.063
1583,1308.8541
1584,1265.8888
1585,1309.0281
1586,1235.4866
1587,1203.6987
1588,1164.982
1589,1126.6339
1590,1095.9393
1591,1144.3403
1592,1274.6034
1593,1190.9641
1594,1218.0958
1595,1199.1948
1596,1214.5938
1597,1206.5217
1598,1176.5238
1599,1222.004
1600,1218.2382
1601,1211.2805
1602,1208.1388
1603,1249.5463
1604,1274.1813
1605,1253.4868
1606,1278.0013
1607,1285.0651
1608,1280.8738
1609,1260.1262
1610,1247.2622
1611,1259.2214
1612,1259.2063
1613,1247.8241
1614,1238.6329
1615,1240.6948
1616,1199.1608
1617,1178.2344
1618,1166.7738
1619,1196.488
1620,1174.1298
1621,1194.5964
1622,1205.127
1623,1230.6787
1624,1230.5564
1625,1238.7041
1626,1204.9147
1627,1198.2026
1628,1222.2708
1629,1202.6232
1630,1200.1604
1631,1204.8784
1632,1182.4801
1633,1194.9854
1634,1239.2802
1635,1233.4092
1636,1232.7145
1637,1255.8141
1638,1267.3474
1639,1256.9274
1640,1288.3772
1641,1296.4435
1642,1282.7214
1643,1368.5032
1644,1344.4198
1645,1335.4283
1646,1562.4263
1647,1479.6945
1648,1496.2681
1649,1405.2803
1650,1407.7397
1651,1413.953
1652,1386.5422
1653,1420.9987
1654,1443.6489
1655,1420.3746
1656,1457.903
1657,1453.6731
1658,1427.1847
1659,1433.1421
1660,1462.3856
1661,1465.2891
1662,1477.3961
1663,1514.5024
1664,1553.8397
1665,1560.5127
1666,1474.0986
1667,1463.3589
1668,1446.0103
1669,1484.6
1670,1437.2188
1671,1388.8284
1672,1303.2374
1673,1440.431
1674,1398.9727
1675,1417.7699
1676,1451.2509
1677,1448.5896
1678,1408.0092
1679,1480.0759
1680,1459.1569
1681,1466.2974
1682,1465.4285
1683,1536.3237
1684,1540.636
1685,1499.9404
1686,1535.3916
1687,1506.3884
1688,1531.138
1689,1561.9987
1690,1648.9767
1691,1642.8635
1692,1609.7625
1693,1602.0859
1694,1543.1948
1695,1565.8021
1696,1565.4938
1697,1572.7865
1698,1545.1003
1699,1547.4375
1700,1504.0181
1701,1519.1599
1702,1544.3357
1703,1531.8716
1704,1570.7858
1705,1612.4941
1706,1622.8539
1707,1647.9612
1708,1590.5538
1709,1618.36
1710,1590.6154
1711,1551.5962
1712,1539.101
1713,1521.7407
1714,1555.1294
1715,1570.6622
1716,1525.259
1717,1536.862
1718,1496.7247
1719,1508.7909
1720,1531.1035
1721,1541.0466
1722,1531.5917
1723,1510.7471
1724,1510.4087
1725,1511.4551
1726,1470.8218
1727,1490.8522
1728,1479.4375
1729,1476.9625
1730,1502.9271
1731,1482.5803
1732,1480.5797
1733,1464.3011
1734,1423.6218
1735,1462.1609
1736,1444.488
1737,1431.092
1738,1491.342
1739,1485.0104
1740,1481.6692
1741,1738.1665
1742,1688.6053
1743,1601.4685
1744,1689.1821
1745,1886.2455
1746,1891.3143
1747,1936.4279
1748,1983.2966
1749,2308.809
1750,2179.242
1751,2262.46
1752,2456.9834
1753,2411.9402
1754,2394.1074
1755,2376.9482
1756,2277.3596
1757,2203.029
1758,2266.286
1759,2386.7102
1760,2375.3552
1761,2301.7988
1762,2346.3733
1763,2267.6262
1764,2255.682
1765,2354.765
1766,2319.1592
1767,2334.8447
1768,2176.2444
1769,2146.279
1770,2103.4814
1771,2134.7788
1772,2214.2048
1773,2238.3425
1774,2235.9216
1775,2169.2524
1776,2130.0225
1777,2127.0266
1778,2106.4417
1779,2121.3994
1780,2198.9026
1781,2442.0845
1782,2384.5051
1783,2763.02
1784,2818.8018
1785,2778.5452
1786,2927.8154
1787,2725.5195
1788,2658.6606
1789,2791.4448
1790,2903.0544
1791,2871.5632
1792,2848.4114
1793,2783.9224
1794,2737.25
1795,2777.374
1796,2775.3867
1797,2883.7126
1798,2879.236
1799,2885.267
1800,2865.2468
1801,2933.2659
1802,2917.2878
1803,2928.3147
1804,2869.3342
1805,2954.3289
1806,2905.721
1807,2977.4607
1808,2852.3552
1809,2763.846
1810,2694.9377
1811,2697.4053
1812,2705.8965
1813,2705.3762
1814,2800.6357
1815,2861.8496
1816,2816.5776
1817,2780.3198
1818,2801.6685
1819,2745.982
1820,2757.2466
1821,2729.4543
1822,2738.3757
1823,2711.4216
1824,2903.4004
1825,2945.2422
1826,3049.9573
1827,2963.2373
1828,2872.2974
1829,2873.043
1830,2861.1782
1831,2880.6665
1832,2800.6235
1833,2765.0627
1834,2772.5085
1835,2775.2131
1836,2750.856
1837,2751.2554
1838,2757.749
1839,2725.1824
1840,2672.303
1841,2701.2993
1842,2781.7673
1843,2815.644
1844,2859.1309
1845,2789.6982
1846,2802.9617
1847,2758.628
1848,2706.4705
1849,2506.04
1850,2319.0168
1851,2458.2112
1852,2472.8767
1853,2498.8381
1854,2489.3901
1855,2632.3074
1856,2626.2898
1857,2561.8987
1858,2575.5903
1859,2551.0225
1860,2552.8735
1861,2732.0947
1862,2808.0103
1863,2773.3047
1864,2762.492
1865,2766.7031
1866,2804.113
1867,2895.5251
1868,2917.9736
1869,2956.967
1870,2965.6482
1871,2904.8315
1872,2871.3013
1873,2850.005
1874,2714.5344
1875,2818.9133
1876,2846.7493
1877,2813.3938
1878,2861.0735
1879,2969.1846
1880,3238.1797
1881,3309.1353
1882,3222.3838
1883,3187.243
1884,2809.4758
1885,2766.8765
1886,2891.2234
1887,2972.4285
1888,3142.119
1889,3184.042
1890,3162.3296
1891,3199.0176
1892,3114.9487
1893,3202.0908
1894,3238.7268
1895,3242.8154
1896,3177.7432
1897,3199.8274
1898,3221.2195
1899,3216.0347
1900,3172.0007
1901,3046.2812
1902,3046.6367
1903,3097.8748
1904,3127.8804
1905,3108.9988
1906,3108.0046
1907,3105.113
1908,3100.5034
1909,3088.9966
1910,3057.6
1911,2958.918
1912,2962.3682
1913,2917.1836
1914,2822.8
1915,2824.4019
1916,2826.706
1917,2775.9985
1918,2744.9973
1919,2686.1807
1920,2783.0193
1921,2725.3838
1922,2771.1956
1923,2667.9272
1924,2514.228
1925,2553.798
1926,2526.1304
1927,2460.8599
1928,2465.895
1929,2436.9922
1930,2373.387
1931,2338.583
1932,2301.0813
1933,2236.6462
1934,2268.6787
1935,2486.0461
1936,2466.0002
1937,2454.4167
1938,2425.5327
1939,2309.9465
1940,2294.991
1941,2202.8113
1942,2177.571
1943,2133.1387
1944,2317.1199
1945,2372.981
1946,2318.7292
1947,2394.7842
1948,2341.2385
1949,2303.1294
1950,2238.7314
1951,2148.6128
1952,2227.0122
1953,2181.1309
1954,2200.1418
1955,2228.0256
1956,2214.277
1957,2347.485
1958,2322.5784
1959,2339.7065
1960,2384.6968
1961,2376.593
1962,2394.885
1963,2378.3105
1964,2405.08
1965,2402.0266
1966,2440.6736
1967,2385.0269
1968,2389.6743
1969,2375.5337
1970,2351.572
1971,2407.3298
1972,2396.613
1973,2398.9873
1974,2392.7844
1975,2368.218
1976,2363.454
1977,2323.0742
1978,2215.3257
1979,2204.1287
1980,2166.6094
1981,2155.3142
1982,2151.703
1983,2075.9138
1984,2040.3062
1985,1984.2015
1986,1963.308
1987,1996.4867
1988,1944.3782
1989,1871.246
1990,2171.2236
1991,2486.7666
1992,2667.4653
1993,2733.744
1994,2390.5034
1995,2288.2156
1996,2364.657
1997,2229.7402
1998,2287.907
1999,2268.853
2000,2155.294
2001,2207.926
2002,2170.6187
2003,2194.7246
2004,2198.5884
2005,2207.653
2006,2240.5557
2007,2155.0945
2008,2160.606
2009,2303.5789
2010,2259.9753
2011,2227.8518
2012,2320.2683
2013,2538.5134
2014,2351.9805
2015,2374.165
2016,2351.2126
2017,2350.3828
2018,2392.8135
2019,2318.548
2020,2186.7
2021,2199.4397
2022,2238.1692
2023,2191.9663
2024,2191.7058
2025,2169.5725
2026,2102.101
2027,2147.8933
2028,2137.1018
2029,2150.8086
2030,2161.8225
2031,2200.3064
2032,2211.1062
2033,2260.7166
2034,2286.3333
2035,2299.5537
2036,2352.8538
2037,2388.7344
2038,2289.66
2039,2353.7153
2040,2295.4597
2041,2299.719
2042,2301.5925
2043,2297.1494
2044,2267.3562
2045,2246.619
2046,2261.0977
2047,2249.069
2048,2253.7712
2049,2260.9521
2050,2265.188
2051,2260.3547
2052,2225.6333
2053,2195.6704
2054,2142.186
2055,2260.8564
2056,2215.9658
2057,2318.8823
2058,2282.4731
2059,2274.6985
2060,2240.3188
2061,2201.2988
2062,2167.3804
2063,2134.5193
2064,2190.1323
2065,2161.3562
2066,2202.8318
2067,2159.4187
2068,2183.9841
2069,2160.834
2070,2152.6533
2071,2089.4697
2072,2018.6495
2073,2055.4783
2074,2066.739
2075,2087.8662
2076,2107.2024
2077,2128.6384
2078,2128.8945
2079,2126.07
2080,2099.8013
2081,1975.9236
2082,2017.8632
2083,2013.2555
2084,2013.0873
2085,2046.8158
2086,2036.5824
2087,2061.6448
2088,2034.5728
2089,2021.4963
2090,2005.1172
2091,1988.1793
2092,1983.6105
2093,2027.7941
2094,1999.1777
2095,1997.5631
2096,1972.1758
2097,1874.3362
2098,1871.1119
2099,1822.4559
2100,1830.3402
2101,1744.4132
2102,1791.7944
2103,1786.386
2104,1770.9299
2105,1784.535
2106,1852.3103
2107,2007.2577
2108,1989.5286
2109,1994.714
2110,1985.6184
2111,2015.1947
2112,2020.8093
2113,2002.0353
2114,2008.9783
2115,1971.1996
2116,1929.6592
2117,1923.8308
2118,1919.906
2119,1964.1923
2120,1829.5199
2121,1843.1532
2122,1882.1334
2123,1829.5686
2124,1827.8689
2125,1775.683
2126,1884.8936
2127,1889.4432
2128,1873.7451
2129,1895.2192
2130,1903.9323
2131,1892.3323
2132,1893.8518
2133,1876.952
2134,1888.0461
2135,1870.4774
2136,1876.7168
2137,1847.9441
2138,1823.9113
2139,1751.3088
2140,1454.1586
2141,1455.4005
2142,1453.5604
2143,1537.2899
2144,1634.7008
2145,1573.1091
2146,1684.6652
2147,1718.3105
2148,1717.8558
2149,1644.5095
2150,1696.5146
2151,1684.8977
2152,1731.5822
2153,1838.0656
2154,1985.8141
2155,1968.2589
2156,1969.1741
2157,1938.3928
2158,1925.7567
2159,1941.046
2160,1993.1736
2161,1941.5057
2162,1829.4948
2163,1809.9209
2164,1681.7758
2165,1658.2566
2166,1523.0956
2167,1533.5717
2168,1651.9452
2169,1682.7604
2170,1556.5654
2171,1570.4163
2172,1552.6398
2173,1514.1392
2174,1243.5345
2175,1073.0457
2176,892.1301
2177,754.63153
2178,849.6705
2179,799.8692
2180,959.1473
2181,1102.3079
2182,1256.5424
2183,1449.0243
2184,1377.7234
2185,1169.1873
2186,1403.5592
2187,1585.8167
2188,1573.3359
2189,1596.9131
2190,1547.2438
2191,1655.4408
2192,1712.0624
2193,1627.8458
2194,1624.0927
2195,1334.3345
2196,1532.858
2197,1375.9125
2198,1302.8413
2199,1447.8035
2200,1447.6138
2201,1473.708
2202,1462.9633
2203,1426.8066
2204,1443.6764
2205,1438.5371
2206,1473.8242
2207,1482.7802
2208,1497.6707
2209,1431.3666
2210,1440.9799
2211,1684.8231
2212,1688.33
2213,1787.0934
2214,1810.4773
2215,1768.6581
2216,1782.4825
2217,1746.3575
2218,1752.3287
2219,1955.614
2220,1938.9633
2221,1845.82
2222,1911.4579
2223,1874.5991
2224,1923.4686
2225,1973.3877
2226,1965.9685
2227,1871.2429
2228,1858.6903
2229,1850.5332
2230,1848.2524
2231,1851.9294
2232,1789.0042
2233,1806.9036
2234,1785.0242
2235,1777.3256
2236,1696.4552
2237,1770.5112
2238,1782.8684
2239,1839.7604
2240,1862.8293
2241,1852.7429
2242,1836.1461
2243,1816.8737
2244,1880.3494
2245,1832.7899
2246,1836.1174
2247,1826.9707
2248,2120.5015
2249,2033.7002
2250,1995.2051
2251,1950.421
2252,2017.5121
2253,1964.318
2254,1898.2427
2255,1826.2961
2256,1827.1061
2257,1843.0316
2258,1781.0488
2259,1814.0476
2260,1808.8827
2261,1811.7036
2262,1705.0948
2263,1613.7598
2264,1669.6073
2265,1683.5184
2266,1678.2262
2267,1777.7937
2268,1780.8087
2269,1770.0128
2270,1779.0472
2271,1777.4601
2272,1696.0923
2273,1853.2574
2274,1829.5201
2275,1859.6483
2276,1876.4332
2277,1908.1199
2278,1897.9325
2279,1869.0044
2280,1905.4851
2281,2029.6609
2282,1996.4039
2283,1927.5071
2284,1939.6586
2285,2035.0189
2286,1968.9545
2287,1952.248
2288,1947.3005
2289,1915.3062
2290,1986.9705
2291,1933.0562
2292,2052.164
2293,1967.1648
2294,1944.1152
2295,1908.603
2296,1903.5836
2297,1913.5782
2298,1896.5328
2299,1886.9939
2300,1891.634
2301,1930.8257
2302,1894.1205
2303,1927.6023
2304,2110.066
2305,2052.648
2306,2022.5917
2307,2041.1553
2308,2049.0662
2309,1992.8992
2310,2146.4138
2311,2142.5332
2312,2251.8452
2313,2267.6506
2314,2254.6003
2315,2232.4983
2316,2206.5508
2317,2149.6758
2318,2082.2812
2319,2025.5402
2320,2052.413
2321,1985.0833
2322,1942.437
2323,1871.491
2324,1926.3357
2325,1911.6584
2326,1958.4053
2327,1917.8065
2328,1859.8334
2329,1819.9261
2330,1827.1914
2331,1846.2487
2332,1857.9987
2333,1863.1633
2334,1852.058
2335,1893.5815
2336,1861.1597
2337,1846.5408
2338,1826.9987
2339,1857.9838
2340,1809.91
2341,1741.3495
2342,1738.7375
2343,1781.3414
2344,1777.3896
2345,1751.9862
2346,1763.4553
2347,1780.1068
2348,1749.8202
2349,1727.8784
2350,1729.9666
2351,1727.8014
2352,1731.2935
2353,1749.3771
2354,1760.9531
2355,1731.7012
2356,1743.2057
2357,1762.3324
2358,1875.629
2359,2158.528
2360,2090.119
2361,2053.8796
2362,2082.7922
2363,2031.368
2364,2018.5271
2365,2007.551
2366,2035.4993
2367,2009.4468
2368,2007.1359
2369,1998.7562
2370,2004.9985
2371,1993.8485
2372,2022.345
2373,2193.0598
2374,2153.3716
2375,2123.7544
2376,2122.3376
2377,2160.1643
2378,2393.9106
2379,2343.2507
2380,2244.1606
2381,2202.1494
2382,2273.5308
2383,2300.4814
2384,2250.3633
2385,2522.1797
2386,2395.6445
2387,2289.0835
2388,2366.2727
2389,2338.401
2390,2343.1914
2391,2344.9822
2392,2283.728
2393,2248.172
2394,2276.0046
2395,2259.7893
2396,2194.7512
2397,2207.5278
2398,2238.5657
2399,2216.5332
2400,2291.6897
2401,2295.647
2402,2281.5798
2403,2203.9053
2404,2208.2488
2405,2144.7192
2406,2176.577
2407,2103.6963
2408,2082.9756
2409,2035.6931
2410,2053.2837
2411,2036.3904
2412,2019.3256
2413,1992.4352
2414,1970.735
2415,2025.6554
2416,2048.6453
2417,2060.662
2418,2095.5405
2419,2114.3347
2420,2116.8477
2421,2101.5068
2422,2057.079
2423,2078.7156
2424,2118.486
2425,2103.7188
2426,2099.4514
2427,2100.2078
2428,2107.578
2429,2102.8037
2430,2028.656
2431,1954.5929
2432,1969.9397
2433,1958.2075
2434,1901.9154
2435,1858.5608
2436,1895.3577
2437,1892.7975
2438,1978.9868
2439,2024.8197
2440,2025.5621
2441,2007.3522
2442,2012.4913
2443,1987.6528
2444,1992.5563
2445,1966.8733
2446,1940.225
2447,1969.9279
2448,2020.022
2449,2012.8278
2450,1993.5609
2451,1972.4783
2452,1992.1322
2453,1864.3751
2454,1887.8495
2455,1937.7645
2456,1920.4062
2457,1919.029
2458,1924.2278
2459,1962.6433
2460,1964.1622
2461,1916.1785
2462,1937.2991
2463,1947.3622
2464,1949.4291
2465,1923.4618
2466,1924.9728
2467,1911.7681
2468,1985.6283
2469,2092.219
2470,2110.0554
2471,2088.671
2472,2145.4321
2473,2100.9888
2474,2037.832
2475,1995.2112
2476,1978.9504
2477,1938.7422
2478,1969.5281
2479,1934.7799
2480,1948.9897
2481,1950.4803
2482,1939.95
2483,1909.0525
2484,1908.2845
2485,1908.613
2486,1899.2683
2487,1879.6492
2488,1951.2736
2489,1929.825
2490,1882.7246
2491,1849.9087
2492,1858.5852
2493,1840.0078
2494,1854.432
2495,1767.5524
2496,1779.8616
2497,2010.4323
2498,1992.6371
2499,2037.8628
2500,2028.5918
2501,2018.5833
2502,1994.2498
2503,1962.865
2504,1989.8104
2505,2059.8853
2506,2029.0288
2507,2041.6979
2508,2039.3866
2509,1969.2587
2510,1975.1635
2511,1955.7292
2512,1956.8705
2513,1923.9382
2514,1906.0208
2515,1987.6382
2516,1919.0377
2517,1913.2407
2518,1921.0022
2519,1921.2507
2520,1904.6011
2521,1894.3816
2522,1895.4441
2523,1910.5294
2524,1937.4542
2525,1982.3898
2526,2047.6362
2527,2040.3965
2528,2060.7168
2529,2026.8951
2530,2064.6438
2531,2036.7522
2532,1992.5919
2533,2010.2162
2534,1940.8906
2535,1989.5815
2536,1965.6259
2537,1922.6863
2538,1939.2075
2539,1910.4022
2540,1914.9929
2541,1893.6763
2542,1925.1957
2543,1914.0833
2544,1935.0994
2545,1924.5607
2546,1925.9766
2547,1896.8739
2548,1868.238
2549,1874.6849
2550,1925.3019
2551,1909.1617
2552,1901.1888
2553,1878.8208
2554,1972.733
2555,1997.4866
2556,1995.7854
2557,1945.9817
2558,1933.9146
2559,1881.5682
2560,1920.805
2561,1896.3479
2562,1835.8047
2563,1877.7294
2564,1879.9248
2565,1852.8049
2566,1873.0099
2567,1872.0247
2568,1799.2887
2569,1823.4479
2570,1774.7699
2571,1697.619
2572,1717.1064
2573,1558.5616
2574,1569.3026
2575,1616.2434
2576,1605.3604
2577,1627.0875
2578,1633.8289
2579,1633.4393
2580,1659.8822
2581,1617.1257
2582,1628.8223
2583,1601.9044
2584,1625.7166
2585,1638.181
2586,1674.3663
2587,1664.7919
2588,1679.7587
2589,1657.9719
2590,1659.1644
2591,1683.8308
2592,1658.6344
2593,1658.5093
2594,1658.559
2595,1647.3606
2596,1686.5404
2597,1678.2341
2598,1702.3284
2599,1637.691
2600,1614.4805
2601,1614.5215
2602,1629.4941
2603,1609.7418
2604,1631.6613
2605,1631.9586
2606,1614.0084
2607,1619.8578
2608,1636.0021
2609,1632.866
2610,1604.4075
2611,1604.0685
2612,1580.8982
2613,1592.0663
2614,1567.3428
2615,1571.4791
2616,1566.4235
2617,1533.7798
2618,1573.7483
2619,1573.6846
2620,1535.0442
2621,1556.7368
2622,1526.5004
2623,1517.1373
2624,1479.2688
2625,1459.203
2626,1521.411
2627,1476.2008
2628,1467.0217
2629,1461.0099
2630,1461.8134
2631,1466.0688
2632,1453.8568
2633,1425.1619
2634,1414.6758
2635,1394.8333
2636,1427.3588
2637,1376.413
2638,1353.0356
2639,1328.1655
2640,1328.6854
2641,1347.3016
2642,1344.5687
2643,1351.103
2644,1368.6405
2645,1335.623
2646,1346.1692
2647,1457.0251
2648,1411.8741
2649,1434.4526
2650,1412.7733
2651,1407.9839
2652,1409.3253
2653,1383.7313
2654,1369.4539
2655,1358.63
2656,1383.8345
2657,1392.8273
2658,1367.8401
2659,1370.2103
2660,1418.9418
2661,1421.5951
2662,1446.1776
2663,1445.4012
2664,1478.4191
2665,1487.6711
2666,1484.7528
2667,1483.8651
2668,1474.7561
2669,1473.9325
2670,1448.9335
2671,1455.2766
2672,1499.745
2673,1500.0414
2674,1469.7886
2675,1455.4221
2676,1460.4282
2677,1461.7595
2678,1473.5078
2679,1445.9603
2680,1508.9766
2681,1576.7003
2682,1537.1376
2683,1548.7981
2684,1520.8973
2685,1565.3555
2686,1538.1307
2687,1581.7488
2688,1605.6129
2689,1587.2028
2690,1523.8828
2691,1484.3966
2692,1397.6073
2693,1388.1804
2694,1371.3698
2695,1382.2589
2696,1393.1063
2697,1375.3728
2698,1379.0353
2699,1336.1511
2700,1326.7119
2701,1334.1727
2702,1260.866
2703,1244.8486
2704,1259.6969
2705,1283.9017
2706,1306.6545
2707,1271.6295
2708,1304.2373
2709,1319.4451
2710,1298.5005
2711,1318.4662
2712,1299.3188
2713,1306.6626
2714,1346.6062
2715,1290.2258
2716,1286.792
2717,1300.7792
2718,1264.0503
2719,1266.5637
2720,1255.8164
2721,1256.5603
2722,1235.876
2723,1220.2485
2724,1259.5914
2725,1238.7164
2726,1251.2997
2727,1237.1072
2728,1264.9148
2729,1263.9253
2730,1251.6772
2731,1248.8909
2732,1250.4589
2733,1251.2993
2734,1265.8572
2735,1245.7681
2736,1238.06
2737,1244.135
2738,1225.4235
2739,1228.022
2740,1211.016
2741,1201.9425
2742,1206.7086
2743,1199.938
2744,1165.6133
2745,1165.642
2746,1191.9288
2747,1183.3016
2748,1178.4159
2749,1167.1917
2750,1165.7695
2751,1157.3778
2752,1115.8599
2753,1107.0671
2754,1084.2804
2755,1086.0732
2756,1073.2703
2757,1088.4441
2758,1115.2552
2759,1097.0277
2760,1066.6593
2761,1075.3218
2762,1070.2584
2763,1088.5016
2764,1063.2645
2765,1078.6302
2766,1067.1991
2767,1108.0321
2768,1165.5966
2769,1193.4814
2770,1207.3457
2771,1181.6062
2772,1159.0984
2773,1077.8282
2774,1064.1997
2775,1065.2311
2776,1033.4263
2777,1053.1631
2778,1080.7122
2779,1075.1793
2780,1153.8884
2781,1158.2885
2782,1131.694
2783,1107.4823
2784,1113.0798
2785,1129.771
2786,1120.3508
2787,1199.3756
2788,1183.364
2789,1197.607
2790,1178.1499
2791,1182.4673
2792,1178.1552
2793,1198.6738
2794,1167.975
2795,1180.805
2796,1152.0763
2797,1156.3799
2798,1164.659
2799,1162.2222
2800,1185.4885
2801,1158.9136
2802,1153.302
2803,1121.828
2804,1105.7622
2805,1115.3391
2806,1109.2948
2807,1111.1202
2808,1123.8677
2809,1113.4174
2810,1148.256
2811,1124.3525
2812,1101.6825
2813,1103.4852
2814,1107.0546
2815,1098.8895
2816,1071.4132
2817,1119.3486
2818,1094.2047
2819,1215.0887
2820,1209.8417
2821,1192.6238
2822,1161.1244
2823,1187.6979
2824,1194.3735
2825,1183.1154
2826,1254.3224
2827,1253.4701
2828,1246.6221
2829,1179.8862
2830,1234.5807
2831,1246.5544
2832,1227.7017
2833,1262.9806
2834,1213.4246
2835,1215.1742
2836,1206.691
2837,1217.6661
2838,1173.4948
2839,1186.5532
2840,1193.3828
2841,1211.0406
2842,1222.1978
2843,1221.1838
2844,1236.1924
2845,1215.1123
2846,1256.0317
2847,1258.083
2848,1258.2513
2849,1268.2799
2850,1327.0239
2851,1310.3356
2852,1278.4341
2853,1294.2089
2854,1280.917
2855,1327.2032
2856,1310.1549
2857,1297.6232
2858,1282.5182
2859,1276.6646
2860,1335.8767
2861,1321.3954
2862,1324.7397
2863,1388.5527
2864,1439.054
2865,1440.011
2866,1412.1534
2867,1382.1018
2868,1409.5532
2869,1378.8981
2870,1413.0316
2871,1361.3055
2872,1329.1427
2873,1273.3802
2874,1196.2682
2875,1126.5284
2876,1129.077
2877,1144.9081
2878,1144.2892
2879,1150.4315
2880,1170.2817
2881,1134.9097
2882,1113.5348
2883,1022.31287
2884,1042.8744
2885,1055.9733
2886,1066.0074
2887,1057.1953
2888,1071.8796
2889,1155.4211
2890,1173.1752
2891,1182.4619
2892,1161.0425
2893,1157.2285
2894,1119.6864
2895,1084.1228
2896,1128.3373
2897,1123.914
2898,1123.442
2899,1091.3998
2900,1066.2212
2901,1101.5366
2902,1085.9916
2903,1060.341
2904,1071.0712
2905,1044.0701
2906,996.7613
2907,864.038
2908,967.48376
2909,943.5637
2910,948.26276
2911,999.15
2912,955.8579
2913,948.2527
2914,949.9321
2915,962.7355
2916,964.19543
2917,973.5689
2918,977.69086
2919,973.8164
2920,969.92554
2921,973.15076
2922,975.22437
2923,989.63153
2924,967.8738
2925,983.6084
2926,1049.8381
2927,1033.2961
2928,1085.0149
2929,1130.5493
2930,1106.4454
2931,1116.3456
2932,1111.1827
2933,1094.996
2934,1094.982
2935,1119.8232
2936,1163.5288
2937,1149.3179
2938,1176.2926
2939,1157.6771
2940,1146.3926
2941,1177.1904
2942,1176.09
2943,1146.2008
2944,1159.8636
2945,1155.8717
2946,1128.8977
2947,1151.0323
2948,1102.875
2949,1097.3273
2950,1090.31
2951,1114.5144
2952,1104.2721
2953,1103.8689
2954,1118.5791
2955,1127.5403
2956,1119.1097
2957,1106.2405
2958,1112.9227
2959,1168.733
2960,1163.2686
2961,1254.0835
2962,1260.9858
2963,1255.6631
2964,1245.5339
2965,1238.9056
2966,1197.4031
2967,1263.8462
2968,1430.3552
2969,1403.6627
2970,1480.2715
2971,1490.286
2972,1495.6038
2973,1485.577
2974,1477.6603
2975,1455.5222
2976,1468.0242
2977,1595.297
2978,1577.0762
2979,1576.4607
2980,1558.741
2981,1569.4294
2982,1525.1223
2983,1483.6967
2984,1441.5144
2985,1371.2844
2986,1431.5159
2987,1425.8757
2988,1448.7318
2989,1457.8171
2990,1414.7478
2991,1412.334
2992,1416.7701
2993,1414.2382
2994,1433.3435
2995,1465.3159
2996,1462.0088
2997,1488.0558
2998,1515.1526
2999,1523.8612
3000,1472.7819
3001,1436.28
3002,1477.9302
3003,1501.4508
3004,1483.103
3005,1464.7336
3006,1462.0903
3007,1465.418
3008,1573.793
3009,1566.766
3010,1657.9581
3011,1930.3131
3012,2178.952
3013,2128.3958
3014,2196.4204
3015,2159.01
3016,1965.7192
3017,1901.8257
3018,1934.8759
3019,1888.1741
3020,1782.2019
3021,1834.3378
3022,1845.2715
3023,1858.3864
3024,1904.7034
3025,1783.2899
3026,1759.6136
3027,1807.6346
3028,1754.486
3029,1693.7543
3030,1681.2949
3031,1772.9772
3032,1753.3331
3033,1860.1932
3034,1815.3982
3035,1699.521
3036,1766.1034
3037,1878.8854
3038,1784.9089
3039,1689.8629
3040,1740.992
3041,1720.6711
3042,1620.9965
3043,1631.1113
3044,1541.3019
3045,1590.0173
3046,1645.6094
3047,1593.2588
3048,1627.1431
3049,1676.014
3050,1649.73
3051,1611.0846
3052,1593.3966
3053,1568.7683
3054,1504.0492
3055,1506.4309
3056,1520.1296
3057,1572.8815
3058,1591.1853
3059,1650.8374
3060,1646.452
3061,1665.6349
3062,1731.0188
3063,1765.7544
3064,1821.4547
3065,1796.5387
3066,1722.3202
3067,1703.2006
3068,1670.6926
3069,1586.289
3070,1571.6716
3071,1698.5085
3072,1678.921
3073,1685.1143
3074,1722.2925
3075,1837.0985
3076,1887.2767
3077,1881.2129
3078,1877.8252
3079,1779.3541
3080,1788.9794
3081,1870.5242
3082,1866.352
3083,1879.3949
3084,2182.095
3085,2094.7803
3086,2135.0623
3087,1973.6768
3088,2061.6292
3089,2068.1843
3090,2085.2844
3091,2071.6504
3092,2013.8082
3093,2008.5566
3094,2011.4211
3095,1969.2069
3096,1959.42
3097,1959.2977
3098,1958.1038
3099,2039.9951
3100,2059.629
3101,2110.4392
3102,2145.058
3103,2079.481
3104,2001.3163
3105,2035.362
3106,2017.774
3107,2008.849
3108,1962.6769
3109,1994.7855
3110,1929.8477
3111,1887.3151
3112,1923.3319
3113,1838.125
3114,1801.9849
3115,1794.1842
3116,1798.5427
3117,1806.4827
3118,1838.061
3119,1923.9476
3120,1925.221
3121,1912.6439
3122,1894.1755
3123,1882.2563
3124,1898.7219
3125,1883.079
3126,1873.8066
3127,1841.3264
3128,1901.3931
3129,1927.833
3130,1917.1398
3131,1954.95
3132,2016.4375
3133,2000.9778
3134,1981.0045
3135,1960.4467
3136,1968.5465
3137,1970.2134
3138,2000.7788
3139,2013.9756
3140,2015.5504
3141,2162.3652
3142,2093.5715
3143,2077.8625
3144,2132.4453
3145,2116.9353
3146,2123.3074
3147,2088.19
3148,2074.2085
3149,2088.9622
3150,2121.4375
3151,2134.0334
3152,2127.5605
3153,2138.7583
3154,2141.728
3155,2137.4634
3156,2137.4746
3157,2107.4363
3158,2088.8916
3159,2110.3376
3160,2127.6619
3161,2180.5334
3162,2168.9792
3163,2184.903
3164,2141.271
3165,2119.5688
3166,2139.372
3167,2139.7085
3168,2189.274
3169,2328.197
3170,2446.893
3171,2411.6753
3172,2492.1213
3173,2384.5073
3174,2346.6064
3175,2343.2778
3176,2338.225
3177,2448.0054
3178,2456.8938
3179,2341.6958
3180,2273.56
3181,2312.989
3182,2354.7205
3183,2288.96
3184,2266.2312
3185,2199.1008
3186,2180.7393
3187,2173.198
3188,2050.5999
3189,2084.8271
3190,2090.4058
3191,2083.3518
3192,2012.5822
3193,2005.8347
3194,1880.9878
3195,1897.0375
3196,1908.1196
3197,1924.7273
3198,1940.8965
3199,1938.443
3200,1992.4584
3201,1977.7188
3202,1974.7388
3203,1996.2604
3204,2029.4567
3205,1960.367
3206,1920.368
3207,1837.1421
3208,1850.1477
3209,1856.9408
3210,1825.5444
3211,1760.9913
3212,1731.4336
3213,1780.2296
3214,1809.2681
3215,1799.3735
3216,1765.9432
3217,1729.7051
3218,1758.8225
3219,1810.484
3220,1808.8019
3221,1763.1862
3222,1763.2797
3223,1717.7128
3224,1696.4332
3225,1691.9893
3226,1642.5052
3227,1684.9407
3228,1670.9362
3229,1691.4036
3230,1760.9613
3231,1729.4705
3232,1673.0559
3233,1689.2006
3234,1672.4626
3235,1697.5652
3236,1689.8126
3237,1752.69
3238,1731.3965
3239,1750.0054
3240,1701.7269
3241,1705.2516
3242,1700.1642
3243,1690.4314
3244,1659.649
3245,1662.5964
3246,1676.2489
3247,1664.9026
3248,1666.5554
3249,1632.1984
3250,1663.6199
3251,1615.4067
3252,1670.3689
3253,1676.195
3254,1775.8306
3255,1772.4554
3256,1808.5265
3257,1803.1276
3258,1830.0076
3259,1826.5206
3260,1807.0258
3261,1777.0387
3262,1788.4811
3263,1794.4382
3264,1807.5823
3265,1970.3003
3266,1963.4438
3267,1989.0922
3268,1962.7
3269,1900.4716
3270,1944.9199
3271,2018.9673
3272,1944.7128
3273,1920.29
3274,1846.8582
3275,1854.7969
3276,1904.4119
3277,1865.7434
3278,1961.1863
3279,1955.886
3280,1962.075
3281,1974.0214
3282,2039.8147
3283,2086.4563
3284,2021.1372
3285,2055.8362
3286,2196.4075
3287,2183.495
3288,2157.563
3289,2108.437
3290,2064.947
3291,2072.7515
3292,2128.594
3293,2179.6296
3294,2152.549
3295,2175.248
3296,2204.1526
3297,2229.538
3298,2222.6406
3299,2282.074
3300,2264.4224
3301,2303.1045
3302,2224.5334
3303,2231.434
3304,2257.9536
3305,2273.166
3306,2271.5544
3307,2226.8694
3308,2215.9023
3309,2365.3298
3310,2439.9194
3311,2563.818
3312,2565.283
3313,2576.4165
3314,2526.8162
3315,2601.4863
3316,2637.45
3317,2650.7515
3318,2645.0105
3319,2661.9602
3320,2661.865
3321,2559.3608
3322,2452.17
3323,2559.4482
3324,2554.65
3325,2493.5964
3326,2352.884
3327,2321.5034
3328,2335.2637
3329,2255.133
3330,2241.3777
3331,2261.3728
3332,2396.1404
3333,2315.838
3334,2342.844
3335,2300.048
3336,2260.412
3337,2295.8867
3338,2278.8372
3339,2239.4688
3340,2178.9075
3341,2100.0283
3342,2034.1564
3343,2034.7974
3344,2135.337
3345,2208.791
3346,2196.8306
3347,2202.1824
3348,2114.6938
3349,2096.688
3350,2066.886
3351,2010.7336
3352,2098.7712
3353,2052.863
3354,2081.6113
3355,2121.3235
3356,2126.209
3357,2170.3335
3358,2160.8604
3359,2121.0046
3360,2145.1396
3361,2104.8545
3362,2129.9258
3363,2148.0566
3364,2158.4067
3365,2162.0032
3366,2091.486
3367,2099.8704
3368,2096.6277
3369,2061.5813
3370,2101.6072
3371,2138.234
3372,2143.9897
3373,2126.573
3374,2067.5615
3375,2094.4426
3376,2094.2568
3377,2049.806
3378,2093.0364
3379,2085.6318
3380,2040.0326
3381,1965.7214
3382,2003.8457
3383,1939.5175
3384,1999.7184
3385,1955.1913
3386,1959.3882
3387,1913.8947
3388,1920.2023
3389,1870.1421
3390,1868.741
3391,1884.8073
3392,1917.2311
3393,1897.8373
3394,1935.14
3395,1930.1705
3396,1930.3359
3397,1920.056
3398,1922.9147
3399,1921.3297
3400,1922.5975
3401,1912.2142
3402,1885.9231
3403,1869.8446
3404,1886.073
3405,1855.901
3406,1873.5762
3407,1888.886
3408,1875.5142
3409,1914.6418
3410,1896.4489
3411,1844.4987
3412,1870.8608
3413,1884.6274
3414,1876.9933
3415,1867.2614
3416,1757.635
3417,1696.2314
3418,1668.9359
3419,1727.9886
3420,1739.179
3421,1767.0177
3422,1765.2931
3423,1776.8281
3424,1762.455
3425,1786.7676
3426,1752.7776
3427,1742.8469
3428,1741.0156
3429,1735.8934
3430,1756.1985
3431,1837.9583
3432,1795.2252
3433,1792.8475
3434,1768.9235
3435,1672.0231
3436,1675.5038
3437,1651.4888
3438,1672.342
3439,1693.7883
3440,1693.6562
3441,1701.9027
3442,1683.7222
3443,1669.4077
3444,1666.7112
3445,1663.352
3446,1674.7761
3447,1688.5905
3448,1702.2554
3449,1759.1123
3450,1726.6399
3451,1721.1625
3452,1684.951
3453,1675.312
3454,1670.2567
3455,1679.7488
3456,1668.6
3457,1663.4663
3458,1617.8693
3459,1656.8872
3460,1607.7622
3461,1605.2843
3462,1592.1792
3463,1563.6841
3464,1577.3331
3465,1619.1707
3466,1604.6012
3467,1599.0103
3468,1591.9838
3469,1648.6642
3470,1622.0321
3471,1651.3229
3472,1650.0897
3473,1650.9199
3474,1654.7916
3475,1724.373
3476,1698.4507
3477,1682.456
3478,1656.5802
3479,1733.4172
3480,1804.8331
3481,1823.0204
3482,1788.8202
3483,1810.171
3484,1810.6207
3485,1805.3641
3486,1717.2031
3487,1687.5327
3488,1727.768
3489,1730.6746
3490,1696.4152
3491,1652.1722
3492,1675.4419
3493,1707.1698
3494,1741.4247
3495,1753.1576
3496,1738.9845
3497,1743.4005
3498,1820.9324
3499,1878.9562
3500,1868.093
3501,1855.8136
3502,1903.9209
3503,1867.317
3504,1851.0814
3505,1878.0823
3506,1959.6913
3507,1930.3224
3508,1987.551
3509,2008.5717
3510,2013.2026
3511,2123.3496
3512,2276.1057
3513,2250.315
3514,2276.7766
3515,2208.4385
3516,2197.2063
3517,2086.2034
3518,2173.8809
3519,2101.3274
3520,2071.684
3521,2163.0234
3522,2140.9495
3523,2128.3906
3524,2355.8997
3525,2309.1187
3526,2239.029
3527,2243.128
3528,2136.1782
3529,2134.448
3530,2189.4553
3531,2189.969
3532,2128.5896
3533,2120.1885
3534,2009.393
3535,1989.6625
3536,2016.2091
3537,2020.7717
3538,2060.9326
3539,2138.7288
3540,2147.1187
3541,2196.242
3542,2204.914
3543,2134.534
3544,2145.3586
3545,2124.841
3546,2127.491
3547,2146.1362
3548,2090.8015
3549,2000.3793
3550,2016.9971
3551,2004.3818
3552,2013.2075
3553,2060.248
3554,2012.2546
3555,2022.469
3556,2045.8665
3557,2064.0906
3558,2132.0303
3559,2143.0645
3560,2130.2566
3561,2140.5603
3562,2100.6587
3563,2079.3433
3564,2096.4648
3565,2105.2407
3566,2111.0505
3567,2083.257
3568,2103.3447
3569,2259.0803
3570,2234.3809
3571,2180.723
3572,2164.7288
3573,2146.7517
3574,2133.076
3575,2170.491
3576,2094.3376
3577,2136.6204
3578,2141.601
3579,2115.6423
3580,2100.7986
3581,2181.1484
3582,2183.4302
3583,2208.4075
3584,2173.315
3585,2138.1636
3586,2152.748
3587,2142.7383
3588,2103.901
3589,2090.4553
3590,2096.2124
3591,2102.3013
3592,2126.9495
3593,2229.842
3594,2291.7046
3595,2299.1343
3596,2531.614
3597,2555.8489
3598,2586.7197
3599,2570.6233
3600,2598.136
3601,2498.486
3602,2502.153
3603,2538.2122
3604,2536.7373
3605,2556.1626
3606,2650.1292
3607,2605.525
3608,2533.0625
3609,2502.4922
3610,2454.2822
3611,2358.345
3612,2357.5745
3613,2364.252
3614,2374.5796
3615,2417.0405
3616,2354.7878
3617,2282.4185
3618,2227.925
3619,2213.3792
3620,2219.208
3621,2293.987
3622,2298.404
3623,2303.9307
3624,2301.5757
3625,2376.3938
3626,2389.5942
3627,2352.0361
3628,2326.2224
3629,2321.4905
3630,2405.2905
3631,2439.7375
3632,2403.003
3633,2336.3672
3634,2258.831
3635,2291.5989
3636,2304.0935
3637,2278.0464
3638,2288.03
3639,2324.0647
3640,2306.868
3641,2320.94
3642,2260.014
3643,2270.2722
3644,2254.3381
3645,2256.0388
3646,2200.4827
3647,2205.9424
3648,2208.1196
3649,2210.758
3650,2207.113
3651,2184.7822
3652,2127.5293
3653,2017.4773
3654,2059.4473
3655,2022.2632
3656,2071.6653
3657,2066.4038
3658,2030.2864
3659,1993.7208
3660,2012.4403
3661,2034.3014
3662,2035.2649
3663,2015.6465
3664,2005.2084
3665,1992.076
3666,1992.3508
3667,2010.0594
3668,2014.2974
3669,2014.3783
3670,2101.144
3671,2106.9194
3672,2090.6538
3673,2056.0938
3674,2059.9648
3675,1953.9828
3676,1906.3445
3677,1861.189
3678,1971.1403
3679,1946.3195
3680,1995.0236
3681,2047.5615
3682,2028.9482
3683,2028.588
3684,1984.9634
3685,1987.0894
3686,1984.1517
3687,1938.5908
3688,2008.736
3689,1968.9371
3690,1977.7776
3691,1970.7263
3692,1939.8837
3693,1937.9996
3694,1937.8892
3695,1933.6304
3696,1904.132
3697,1868.1113
3698,1892.2211
3699,1907.5696
3700,1911.7616
3701,1895.8243
3702,1901.594
3703,1891.368
3704,1891.3875
3705,1888.9956
3706,1852.5863
3707,1798.8469
3708,1825.3771
3709,1864.1444
3710,1864.2959
3711,1912.9489
3712,1940.7491
3713,1908.1323
3714,1910.5234
3715,1895.6498
3716,1881.8762
3717,1819.0255
3718,1878.7119
3719,1879.7809
3720,1902.2437
3721,1897.4893
3722,1878.8407
3723,1883.1241
3724,1882.277
3725,1864.9694
3726,1858.0105
3727,1877.7549
3728,2013.736
3729,2013.6709
3730,2088.6377
3731,2105.1643
3732,2133.118
3733,2119.4146
3734,2156.8704
3735,2074.7285
3736,2095.6145
3737,2178.1833
3738,2185.897
3739,2176.167
3740,2137.0002
3741,2107.9365
3742,2055.5535
3743,2058.2556
3744,2104.4614
3745,2109.9634
3746,2117.9443
3747,2114.5586
3748,2209.1792
3749,2200.9243
3750,2189.0122
3751,2249.6978
3752,2235.7708
3753,2260.6602
3754,2247.812
3755,2231.005
3756,2280.8137
3757,2217.6257
3758,2188.1128
3759,2162.475
3760,2166.694
3761,2167.5442
3762,2181.9072
3763,2185.8262
3764,2204.095
3765,2056.4338
3766,2075.1614
3767,2052.848
3768,2187.0898
3769,2208.4304
3770,2269.1975
3771,2286.3716
3772,2523.4553
3773,2601.7783
3774,2782.563
3775,2798.4766
3776,2998.9746
3777,3383.6885
3778,3350.2275
3779,3453.4424
3780,3343.03
3781,3369.993
3782,3320.12
3783,3415.3628
3784,3172.219
3785,3267.8374
3786,3122.702
3787,3304.3452
3788,3199.8562
3789,3294.756
3790,3211.637
3791,3146.8704
3792,3025.875
3793,3153.3083
3794,3060.1487
3795,3164.6362
3796,3118.7852
3797,3309.9634
3798,3683.273
3799,3932.724
3800,3824.8193
3801,3950.2285
3802,3903.1162
3803,3729.9165
3804,3782.7595
3805,3719.6343
3806,3811.4065
3807,3810.117
3808,3780.0093
3809,3698.2036
3810,3712.224
3811,3717.0007
3812,3692.3787
3813,3693.6858
3814,3919.3696
3815,3773.6306
3816,3709.377
3817,3707.52
3818,3808.3342
3819,3760.3254
3820,3711.4697
3821,3759.251
3822,3752.2837
3823,3727.5637
3824,3667.0952
3825,3594.5579
3826,3444.0298
3827,3515.662
3828,3447.2786
3829,3543.3423
3830,3555.7432
3831,3393.416
3832,3482.6936
3833,3358.0107
3834,3306.6802
3835,3151.5488
3836,3287.3633
3837,3360.8257
3838,3322.2705
3839,3236.2627
3840,3080.8235
3841,3347.4202
3842,3425.2322
3843,3530.2532
3844,3625.1165
3845,3745.608
3846,3733.0452
3847,3767.0103
3848,3703.1475
3849,3651.337
3850,3683.5107
3851,3720.6323
3852,3718.9084
3853,3630.4302
3854,3649.3047
3855,3540.545
3856,3630.5369
3857,3498.5012
3858,3398.102
3859,3478.7986
3860,3492.3792
3861,3562.8352
3862,3600.1367
3863,3553.101
3864,3492.353
3865,3343.4177
3866,3277.3203
3867,3395.4412
3868,3383.1646
3869,3380.6738
3870,3304.804
3871,3080.633
3872,2789.9324
3873,2734.3882
3874,2575.4585
3875,2568.1152
3876,2783.599
3877,2903.898
3878,2988.8865
3879,3008.392
3880,2998.8804
3881,2907.471
3882,2858.2786
3883,2698.016
3884,2656.2305
3885,2735.3853
3886,2744.2695
3887,2792.3496
3888,2843.0693
3889,2763.5393
3890,2686.2703
3891,2729.797
3892,2721.1858
3893,2708.0273
3894,2585.8555
3895,2491.6487
3896,2550.7708
3897,2541.9058
3898,2636.6448
3899,2658.3574
3900,2636.5574
3901,2574.6074
3902,2578.1409
3903,2681.1826
3904,2693.7966
3905,2683.2678
3906,2679.238
3907,2645.9124
3908,2648.6829
3909,2625.1306
3910,2618.7515
3911,2600.7812
3912,2556.2756
3913,2513.8438
3914,2533.8574
3915,2530.7893
3916,2815.2383
3917,2879.1667
3918,2794.3235
3919,2777.9556
3920,2734.1626
3921,2925.488
3922,2870.1394
3923,2888.2314
3924,2879.151
3925,2872.8088
3926,2767.3884
3927,2769.6616
3928,2635.4395
3929,2646.797
3930,2710.8857
3931,2642.9043
3932,2618.4604
3933,2656.646
3934,2710.8628
3935,2658.0422
3936,2714.7148
3937,2604.9336
3938,2703.3843
3939,2608.815
3940,2653.0066
3941,2876.3389
3942,2903.923
3943,2942.495
3944,2938.7373
3945,2984.652
3946,3245.842
3947,3417.3044
3948,3284.7341
3949,3260.0024
3950,3330.8716
3951,3366.66
3952,3372.4236
3953,3381.964
3954,3358.9888
3955,3341.591
3956,3382.0952
3957,3382.5903
3958,3297.9119
3959,3123.1306
3960,3273.3628
3961,3219.4636
3962,3170.8792
3963,3101.104
3964,3133.4731
3965,3161.6013
3966,3202.425
3967,3129.646
3968,3105.5193
3969,3827.7566
3970,3333.4316
3971,3681.5234
3972,3613.9504
3973,3489.1394
3974,3528.0103
3975,3556.2383
3976,3516.9905
3977,3516.2546
3978,3653.1294
3979,3700.918
3980,3630.883
3981,3636.069
3982,3628.94
3983,3627.7314
3984,3511.4377
3985,3584.623
3986,3517.3438
3987,3565.7368
3988,3477.4707
3989,3428.1284
3990,3164.5623
3991,3319.8357
3992,3304.8418
3993,3212.82
3994,3303.8665
3995,3437.4343
3996,3607.9055
3997,3592.2607
3998,3547.8694
3999,3602.2434
4000,3653.9084
4001,3672.8782
4002,3526.4287
4003,3504.0535
4004,3588.8308
4005,3632.748
4006,3646.709
4007,3641.9932
4008,3723.6333
4009,3851.9504
4010,3812.0781
4011,3826.9204
4012,3765.8604
4013,3762.2874
4014,3777.8455
4015,3761.402
4016,3779.9417
4017,3769.8794
4018,3766.9731
4019,3729.0244
4020,3674.356
4021,3767.8723
4022,3848.4976
4023,3828.2424
4024,3863.7312
4025,4005.9026
4026,3900.0627
4027,4002.958
4028,4047.6973
4029,3356.4797
4030,3533.215
4031,3482.0056
4032,3437.5474
4033,87.78317
4034,87.78317
4035,87.78317
4036,87.78317
4037,87.78317
4038,87.78317
4039,87.78317
4040,87.78317
4041,87.78317
4042,87.78317
4043,87.78317
4044,87.78317
4045,87.78317
4046,87.78317
4047,87.78317
4048,87.78317
4049,87.78317
4050,87.78317
4051,87.78317
4052,87.78317
4053,87.78317
4054,87.78317
4055,87.78317
4056,87.78317
4057,87.78317
4058,87.78317
4059,87.78317
4060,87.78317
4061,87.78317
4062,87.78317
4063,87.78317
4064,87.78317
4065,87.78317
4066,87.78317
4067,87.78317
4068,87.78317
4069,87.78317
4070,87.78317
4071,87.78317
4072,87.78317
4073,87.78317
4074,87.78317
4075,87.78317
4076,87.78317
4077,87.78317
4078,87.78317
4079,87.78317
4080,87.78317
4081,87.78317
4082,87.78317
4083,87.78317
4084,87.78317
4085,87.78317
4086,87.78317
4087,87.78317
4088,87.78317
4089,87.78317
4090,87.78317
4091,87.78317
4092,87.78317
4093,87.78317
4094,87.78317
4095,87.78317
4096,87.78317
4097,87.78317
4098,87.78317
4099,87.78317
4100,87.78317
4101,87.78317
4102,87.78317
4103,87.78317
4104,87.78317
4105,87.78317
4106,87.78317
4107,87.78317
4108,87.78317
4109,87.78317
4110,87.78317
4111,87.78317
4112,87.78317
4113,87.78317
4114,87.78317
4115,87.78317
4116,87.78317
4117,87.78317
4118,87.78317
4119,87.78317
4120,87.78317
4121,87.78317
4122,87.78317
4123,87.78317
4124,87.78317
4125,87.78317
4126,87.78317
4127,87.78317
4128,87.78317
4129,87.78317
4130,87.78317
4131,87.78317
4132,87.78317
4133,87.78317
4134,87.78317
4135,87.78317
4136,87.78317
4137,87.78317
4138,87.78317
4139,87.78317
4140,87.78317
4141,87.78317
4142,87.78317
4143,87.78317
4144,87.78317
4145,87.78317
4146,87.78317
4147,87.78317
4148,87.78317
4149,87.78317
4150,87.78317
4151,87.78317
4152,87.78317
4153,87.78317
4154,87.78317
4155,87.78317
4156,87.78317
4157,87.78317
4158,87.78317
4159,87.78317
4160,87.78317
4161,87.78317
4162,87.78317
4163,87.78317
4164,87.78317
4165,87.78317
4166,87.78317
4167,87.78317
4168,87.78317
4169,87.78317
4170,87.78317
4171,87.78317
4172,87.78317
4173,87.78317
4174,87.78317
4175,87.78317
4176,87.78317
4177,87.78317
4178,87.78317
4179,87.78317
4180,87.78317
4181,87.78317
4182,87.78317
4183,87.78317
4184,87.78317
4185,87.78317
4186,87.78317
4187,87.78317
4188,87.78317
4189,87.78317
4190,87.78317
4191,87.78317
4192,87.78317
4193,87.78317
4194,87.78317
4195,87.78317
4196,87.78317
4197,87.78317
4198,87.78317
4199,87.78317
4200,87.78317
4201,87.78317
4202,87.78317
4203,87.78317
4204,87.78317
4205,87.78317
4206,87.78317
4207,87.78317
4208,87.78317
4209,87.78317
4210,87.78317
4211,87.78317
4212,87.78317
4213,87.78317
4214,87.78317
4215,87.78317
4216,87.78317
4217,87.78317
4218,87.78317
4219,87.78317
4220,87.78317
4221,87.78317
4222,87.78317
4223,87.78317
4224,87.78317
4225,87.78317
4226,87.78317
4227,87.78317
4228,87.78317
4229,87.78317
4230,87.78317
4231,87.78317
4232,87.78317
4233,87.78317
4234,87.78317
4235,87.78317
4236,87.78317
4237,87.78317
4238,87.78317
4239,87.78317
4240,87.78317
4241,87.78317
4242,87.78317
4243,87.78317
4244,87.78317
4245,87.78317
4246,87.78317
4247,87.78317
4248,87.78317
4249,87.78317
4250,87.78317
4251,87.78317
4252,87.78317
4253,87.78317
4254,87.78317
4255,87.78317
4256,87.78317
4257,87.78317
4258,87.78317
4259,87.78317
4260,87.78317
4261,87.78317
4262,87.78317
4263,87.78317
4264,87.78317
4265,87.78317
4266,87.78317
4267,87.78317
4268,87.78317
4269,87.78317
4270,87.78317
4271,87.78317
4272,87.78317
4273,87.78317
4274,87.78317
4275,87.78317
4276,87.78317
4277,87.78317
4278,87.78317
4279,87.78317
4280,87.78317
4281,87.78317
4282,87.78317
4283,87.78317
4284,87.78317
4285,87.78317
4286,87.78317
4287,87.78317
4288,87.78317
4289,87.78317
4290,87.78317
4291,87.78317
4292,87.78317
4293,87.78317
4294,87.78317
4295,87.78317
4296,87.78317
4297,87.78317
4298,87.78317
4299,87.78317
4300,87.78317
4301,87.78317
4302,87.78317
4303,87.78317
4304,87.78317
4305,87.78317
4306,87.78317
4307,87.78317
4308,87.78317
4309,87.78317
4310,87.78317
4311,87.78317
4312,87.78317
4313,87.78317
4314,87.78317
4315,87.78317
4316,87.78317
4317,87.78317
4318,87.78317
4319,87.78317
4320,87.78317
4321,87.78317
4322,87.78317
4323,87.78317
4324,87.78317
4325,87.78317
4326,87.78317
4327,87.78317
4328,87.78317
4329,87.78317
4330,87.78317
4331,87.78317
4332,87.78317
4333,87.78317
4334,87.78317
4335,87.78317
4336,87.78317
